Forest_LCP_Outputs/aspect.asc
ncols        250
nrows        253
xllcorner    -2044817.845419629943
yllcorner    2022214.475814298494
cellsize     26.855736874859
NODATA_value -9999
[rows 140 to 159 of 253, columns 0 to 44 of 250]
-9999 -9999 -9999 -9999 -9999 -9999 -9999 -9999 -9999 -9999 -9999 -9999 -9999 -9999 -9999 -9999 -9999 215.9960479736328125 211.7499847412109375 219.2462921142578125 221.77203369140625 218.9530029296875 215.13116455078125 208.480072021484375 212.8521728515625 217.2748565673828125 213.5798187255859375 212.532012939453125 213.5269775390625 214.151214599609375 249.931488037109375 290.383544921875 267.50177001953125 268.15167236328125 280.327301025390625 284.368865966796875 284.825653076171875 138.870361328125 114.82057952880859375 72.6872711181640625 119.64884185791015625 313.809600830078125 296.8538818359375 306.14404296875 213.4311065673828125
-9999 -9999 -9999 -9999 -9999 -9999 -9999 -9999 -9999 -9999 -9999 -9999 -9999 -9999 -9999 -9999 -9999 221.199127197265625 222.15789794921875 220.9123687744140625 219.3860321044921875 214.3755950927734375 213.004364013671875 212.908447265625 213.9752044677734375 216.2642974853515625 211.9495391845703125 209.6311798095703125 216.1531524658203125 216.9002685546875 263.22076416015625 283.331939697265625 279.75103759765625 277.0224609375 276.712554931640625 271.92401123046875 223.7011871337890625 115.53672027587890625 121.20630645751953125 97.67118072509765625 207.898956298828125 317.891937255859375 302.736785888671875 323.380584716796875 38.70517730712890625
-9999 -9999 -9999 -9999 -9999 -9999 -9999 -9999 -9999 -9999 -9999 -9999 -9999 -9999 -9999 -9999 218.9227752685546875 218.608612060546875 216.2855072021484375 216.3011627197265625 217.3174896240234375 212.7630615234375 208.6458282470703125 215.1542816162109375 215.4691925048828125 212.6385498046875 213.701416015625 216.9996795654296875 221.928131103515625 221.440460205078125 280.333404541015625 286.695526123046875 285.473236083984375 281.299285888671875 276.60809326171875 268.954010009765625 172.784912109375 92.5130157470703125 113.54416656494140625 158.7482147216796875 246.591064453125 283.3525390625 292.59844970703125 286.720733642578125 91.57547760009765625
-9999 -9999 -9999 -9999 -9999 -9999 -9999 -9999 -9999 -9999 -9999 -9999 -9999 -9999 -9999 -9999 219.410491943359375 214.38397216796875 214.3318939208984375 215.5907135009765625 213.1937408447265625 213.646759033203125 212.91241455078125 215.364044189453125 214.8854522705078125 208.7290191650390625 216.9252166748046875 219.7349395751953125 221.8319244384765625 232.0437469482421875 287.960296630859375 285.281829833984375 280.2227783203125 278.074951171875 279.747314453125 285.47283935546875 121.67678070068359375 75.2607879638671875 84.09291839599609375 171.2574005126953125 237.6024169921875 255.1023406982421875 275.790069580078125 219.6920013427734375 180.533447265625
-9999 -9999 -9999 -9999 -9999 -9999 -9999 -9999 -9999 -9999 -9999 -9999 -9999 -9999 -9999 -9999 214.1390533447265625 213.6900634765625 215.145477294921875 215.804931640625 209.3866424560546875 212.0334930419921875 216.6764678955078125 213.9370269775390625 212.4676055908203125 214.6313323974609375 226.63482666015625 221.70477294921875 217.1778106689453125 244.0070343017578125 286.502349853515625 287.70404052734375 277.65447998046875 271.957550048828125 273.969482421875 238.6095428466796875 88.4146881103515625 68.8587646484375 42.5077362060546875 114.3329925537109375 287.0765380859375 265.153228759765625 266.138580322265625 330.361541748046875 316.533782958984375
-9999 -9999 -9999 -9999 -9999 -9999 -9999 -9999 -9999 -9999 -9999 -9999 -9999 -9999 -9999 -9999 213.6900634765625 215.7205047607421875 214.192108154296875 213.1785125732421875 212.8607330322265625 213.6867828369140625 217.2496185302734375 214.99444580078125 209.90142822265625 219.1778717041015625 222.9154815673828125 219.9584503173828125 215.6378021240234375 259.6976318359375 284.34979248046875 293.024688720703125 281.51458740234375 268.976043701171875 250.0222930908203125 173.650970458984375 97.93126678466796875 72.68563079833984375 28.19853973388671875 205.89569091796875 312.701202392578125 292.325714111328125 293.537811279296875 352.467010498046875 324.111114501953125
-9999 -9999 -9999 -9999 -9999 -9999 -9999 -9999 -9999 -9999 -9999 -9999 -9999 -9999 -9999 213.6900634765625 213.6900634765625 217.32940673828125 213.621307373046875 207.77923583984375 214.5146636962890625 216.5368499755859375 218.0928802490234375 221.878631591796875 220.7534942626953125 220.82904052734375 219.314910888671875 214.630523681640625 213.7004852294921875 273.2691650390625 279.722259521484375 290.710662841796875 286.94879150390625 279.803924560546875 190.542877197265625 109.73101043701171875 100.66431427001953125 87.56134796142578125 45.571155548095703125 270.912078857421875 301.65509033203125 302.33380126953125 272.622100830078125 129.006591796875 228.6527252197265625
-9999 -9999 -9999 -9999 -9999 -9999 -9999 -9999 -9999 -9999 -9999 -9999 -9999 -9999 -9999 213.7802581787109375 215.88555908203125 213.4159698486328125 213.6348419189453125 212.6250762939453125 215.0131683349609375 220.404510498046875 219.1868438720703125 218.83172607421875 217.5435791015625 217.19000244140625 218.2391357421875 212.9951629638671875 217.8746795654296875 262.215850830078125 265.87799072265625 277.35498046875 283.3363037109375 289.013427734375 104.04538726806640625 77.11545562744140625 94.04607391357421875 92.56383514404296875 97.40006256103515625 261.165924072265625 264.23358154296875 255.051513671875 187.753204345703125 108.18569183349609375 198.028228759765625
-9999 -9999 -9999 -9999 -9999 -9999 -9999 -9999 -9999 -9999 -9999 -9999 -9999 -9999 -9999 214.7071075439453125 216.5001983642578125 210.31805419921875 211.2403717041015625 216.099853515625 215.6709442138671875 225.4960479736328125 220.393798828125 214.999847412109375 214.0464935302734375 215.1456756591796875 213.516998291015625 213.328216552734375 228.7785797119140625 246.035675048828125 245.42767333984375 259.3802490234375 272.970428466796875 287.43988037109375 22.821985244750976562 58.4669342041015625 64.721099853515625 56.64327239990234375 145.607208251953125 262.137786865234375 232.979034423828125 212.2699127197265625 165.07177734375 143.27667236328125 229.1881256103515625
-9999 -9999 -9999 -9999 -9999 -9999 -9999 -9999 -9999 -9999 -9999 -9999 -9999 -9999 -9999 214.4239959716796875 213.3274383544921875 212.9220733642578125 213.326141357421875 217.000396728515625 220.887725830078125 213.7416229248046875 214.7410888671875 213.6900634765625 215.2618865966796875 216.419097900390625 209.931610107421875 212.0102996826171875 252.6222991943359375 249.0572662353515625 240.8811492919921875 257.500244140625 271.860870361328125 255.0575408935546875 62.491619110107421875 26.769073486328125 28.316461563110351562 20.639377593994140625 157.6291351318359375 260.10223388671875 232.8804473876953125 200.8504791259765625 174.5108184814453125 174.00616455078125 238.5346527099609375
-9999 -9999 -9999 -9999 -9999 -9999 -9999 -9999 -9999 -9999 -9999 -9999 -9999 -9999 217.7160797119140625 214.3891143798828125 207.470672607421875 213.89691162109375 216.54241943359375 217.4744110107421875 226.2656402587890625 216.702850341796875 213.6900634765625 215.1273651123046875 214.054779052734375 213.7344970703125 212.18389892578125 213.512451171875 287.952056884765625 288.050537109375 267.740570068359375 267.006744384765625 277.416046142578125 309.312255859375 152.4493255615234375 13.560618400573730469 13.387511253356933594 15.431984901428222656 20.757106781005859375 25.754384994506835938 253.4747314453125 214.6082611083984375 211.8575286865234375 228.3102874755859375 265.8533935546875
-9999 -9999 -9999 -9999 -9999 -9999 -9999 -9999 -9999 -9999 -9999 -9999 -9999 -9999 213.6128692626953125 213.6481475830078125 212.3125 215.7112884521484375 221.408843994140625 216.8858642578125 214.89715576171875 214.322845458984375 213.6900634765625 217.75323486328125 213.937835693359375 208.2391204833984375 221.910614013671875 258.591888427734375 289.646697998046875 300.787750244140625 284.96142578125 275.541961669921875 282.642547607421875 312.142059326171875 61.73717498779296875 24.9386444091796875 20.28455352783203125 31.657989501953125 43.63050079345703125 43.14044952392578125 189.1965789794921875 264.003204345703125 263.240966796875 272.83050537109375 274.02154541015625
-9999 -9999 -9999 -9999 -9999 -9999 -9999 -9999 -9999 -9999 -9999 -9999 -9999 -9999 211.2743682861328125 210.4728546142578125 215.5450592041015625 218.0435333251953125 227.8712615966796875 217.795745849609375 209.1829071044921875 213.5872650146484375 215.3335113525390625 213.6143798828125 213.441253662109375 213.2579803466796875 252.964630126953125 292.292724609375 279.884124755859375 290.822357177734375 285.278594970703125 278.688201904296875 280.601898193359375 287.192047119140625 17.624462127685546875 29.89769744873046875 28.362146377563476562 43.305561065673828125 41.330150604248046875 25.491235733032226562 237.4484100341796875 306.390594482421875 272.95025634765625 258.6805419921875 263.171875
-9999 -9999 -9999 -9999 -9999 -9999 -9999 -9999 -9999 -9999 -9999 -9999 -9999 213.2436370849609375 213.008575439453125 215.699188232421875 220.8426361083984375 220.951873779296875 214.0951995849609375 213.5686492919921875 211.0235443115234375 214.716064453125 217.221832275390625 210.8994140625 213.1321868896484375 218.346954345703125 266.635955810546875 273.65093994140625 269.264801025390625 281.464141845703125 283.204437255859375 282.233795166015625 293.558380126953125 296.6864013671875 124.0038909912109375 20.361925125122070312 27.35228729248046875 19.991617202758789062 37.01810455322265625 31.554304122924804688 269.28216552734375 312.39080810546875 277.354766845703125 261.688629150390625 255.3606109619140625
-9999 -9999 -9999 -9999 -9999 -9999 -9999 -9999 -9999 -9999 -9999 -9999 -9999 207.293609619140625 213.2368621826171875 219.7839813232421875 223.6391448974609375 226.81597900390625 212.1394805908203125 210.918212890625 214.7456817626953125 214.1796112060546875 213.7902069091796875 212.3702850341796875 221.8911285400390625 221.4986114501953125 279.23065185546875 266.631561279296875 263.97900390625 273.6690673828125 280.50390625 287.728759765625 303.825408935546875 337.125732421875 126.61467742919921875 23.42272186279296875 281.647308349609375 33.167400360107421875 57.67064666748046875 58.420787811279296875 101.93923187255859375 279.96405029296875 286.3529052734375 276.941680908203125 258.2913818359375
-9999 -9999 -9999 -9999 -9999 -9999 -9999 -9999 -9999 -9999 -9999 -9999 -9999 212.417572021484375 217.9158782958984375 221.1485748291015625 217.174407958984375 214.853424072265625 212.3416595458984375 212.23876953125 217.1445770263671875 214.803436279296875 208.5788726806640625 216.5241851806640625 226.13311767578125 231.8524322509765625 270.50531005859375 268.433929443359375 266.6558837890625 269.025970458984375 270.874420166015625 277.17529296875 299.1796875 216.884552001953125 55.46933746337890625 74.370758056640625 243.3571929931640625 81.299072265625 85.5022430419921875 94.3211517333984375 170.657745361328125 255.3590087890625 277.87286376953125 282.4290771484375 265.152587890625
-9999 -9999 -9999 -9999 -9999 -9999 -9999 -9999 -9999 -9999 -9999 -9999 -9999 216.0178680419921875 221.19842529296875 223.7544403076171875 217.4749298095703125 209.974761962890625 213.0946502685546875 215.2282257080078125 213.6864776611328125 213.5794830322265625 213.824676513671875 222.4006195068359375 219.46661376953125 237.1296234130859375 264.4749755859375 270.481109619140625 270.880645751953125 266.829315185546875 261.941741943359375 267.431976318359375 261.926025390625 32.27927398681640625 80.3754119873046875 115.3519744873046875 158.0479888916015625 101.47821807861328125 87.0245819091796875 46.3384857177734375 266.66021728515625 275.206512451171875 257.972900390625 267.201141357421875 273.25048828125
-9999 -9999 -9999 -9999 -9999 -9999 -9999 -9999 -9999 -9999 -9999 -9999 217.4738922119140625 219.9600677490234375 220.0782012939453125 214.77459716796875 213.878875732421875 210.483856201171875 214.1487884521484375 218.2930908203125 211.8416748046875 211.9785614013671875 220.4080963134765625 222.4133453369140625 219.6204681396484375 266.37310791015625 279.870330810546875 278.6004638671875 276.7164306640625 278.180023193359375 275.93121337890625 265.614227294921875 207.802154541015625 78.4234771728515625 68.019012451171875 70.93169403076171875 76.49951934814453125 62.4158935546875 28.615159988403320312 288.235015869140625 161.959197998046875 208.681060791015625 258.813079833984375 278.669586181640625 293.10614013671875
-9999 -9999 -9999 -9999 -9999 -9999 -9999 -9999 -9999 -9999 -9999 -9999 219.805572509765625 223.2849273681640625 224.3708953857421875 212.9791107177734375 210.3777923583984375 214.385772705078125 214.5942230224609375 219.0189971923828125 218.175445556640625 218.8176116943359375 219.9882965087890625 215.07708740234375 214.5134124755859375 290.23699951171875 294.233184814453125 289.87310791015625 289.16619873046875 295.117767333984375 297.02899169921875 273.28143310546875 229.23736572265625 92.7797393798828125 48.23520660400390625 31.080621719360351562 10.3166656494140625 63.95514678955078125 256.756988525390625 107.31024932861328125 35.107936859130859375 154.525177001953125 281.5460205078125 285.477508544921875 296.311798095703125
-9999 -9999 -9999 -9999 -9999 -9999 -9999 -9999 -9999 -9999 -9999 -9999 221.1952056884765625 217.8955230712890625 214.7927703857421875 212.655181884765625 211.62591552734375 216.5145263671875 219.004241943359375 219.4720001220703125 219.0639190673828125 220.9334259033203125 218.99908447265625 218.6027374267578125 228.84674072265625 289.300811767578125 298.45947265625 295.593780517578125 289.90814208984375 298.489166259765625 316.92877197265625 298.625335693359375 245.3518524169921875 181.2673187255859375 61.43901824951171875 49.1542816162109375 108.54875946044921875 309.99688720703125 179.0366363525390625 22.871503829956054688 44.20824432373046875 237.96490478515625 268.083343505859375 263.92169189453125 268.770782470703125
