Forest_LCP_Outputs/aspect.asc
ncols        250
nrows        253
xllcorner    -2044817.845419629943
yllcorner    2022214.475814298494
cellsize     26.855736874859
NODATA_value -9999
[rows 80 to 99 of 253, columns 180 to 224 of 250]
85.90857696533203125 38.67456817626953125 63.33889007568359375 321.852630615234375 320.535858154296875 315.50189208984375 267.413818359375 237.3366546630859375 156.367919921875 128.7494964599609375 139.170135498046875 124.7223663330078125 102.1580810546875 89.97350311279296875 140.332275390625 269.8878173828125 311.71484375 331.533203125 329.836181640625 255.497589111328125 227.7081298828125 197.1737060546875 202.3497772216796875 68.750213623046875 69.53893280029296875 98.38283538818359375 122.19681549072265625 163.959564208984375 209.1221466064453125 219.5937347412109375 179.7732696533203125 82.51538848876953125 51.609302520751953125 53.508640289306640625 65.5160675048828125 138.1143646240234375 151.58392333984375 173.9210052490234375 152.00244140625 136.873291015625 136.2226409912109375 139.1468048095703125 160.5400238037109375 146.325775146484375 231.0474090576171875
197.4650115966796875 26.543443679809570312 102.53863525390625 256.63299560546875 300.631805419921875 331.172271728515625 213.4375457763671875 199.4112701416015625 135.9401702880859375 123.37880706787109375 130.8248748779296875 114.79576873779296875 82.25792694091796875 52.439159393310546875 183.54669189453125 298.151458740234375 311.10247802734375 338.012542724609375 315.02215576171875 93.95423126220703125 209.0641021728515625 196.131317138671875 195.6252899169921875 138.0886688232421875 83.14655303955078125 77.53374481201171875 87.94580841064453125 194.5350189208984375 238.014404296875 236.4115142822265625 221.9275054931640625 116.6482696533203125 45.572116851806640625 54.864635467529296875 70.60855865478515625 145.2264251708984375 240.198516845703125 287.43975830078125 271.83795166015625 112.3166046142578125 92.82061004638671875 118.1963348388671875 272.270660400390625 267.107635498046875 323.629913330078125
149.60198974609375 35.875019073486328125 63.0902099609375 196.94378662109375 266.701904296875 329.25390625 115.50550079345703125 162.95745849609375 149.7569732666015625 135.244110107421875 114.65489959716796875 84.48148345947265625 58.735759735107421875 54.570659637451171875 263.228424072265625 299.42254638671875 287.55987548828125 293.111663818359375 158.4491424560546875 83.071746826171875 155.97802734375 172.7140655517578125 185.3127288818359375 167.862091064453125 108.10813140869140625 71.719482421875 58.49739837646484375 305.876739501953125 283.147918701171875 275.812286376953125 264.520721435546875 167.3984832763671875 43.519207000732421875 55.836582183837890625 45.14934539794921875 229.177978515625 297.143463134765625 316.196044921875 348.823822021484375 9.6133298873901367188 35.259429931640625 114.15235137939453125 329.67047119140625 270.40478515625 242.54364013671875
62.042572021484375 60.80136871337890625 81.321807861328125 179.938323974609375 249.014556884765625 222.3042449951171875 84.38391876220703125 122.0866241455078125 155.4256744384765625 190.0935821533203125 191.3574066162109375 58.820827484130859375 31.902940750122070312 242.230987548828125 321.574310302734375 284.056060791015625 210.267486572265625 174.075103759765625 140.56573486328125 124.60991668701171875 115.00109100341796875 143.74017333984375 185.640289306640625 206.36431884765625 178.669403076171875 61.149688720703125 93.741241455078125 329.68841552734375 309.73272705078125 318.324554443359375 309.0841064453125 119.3766326904296875 52.243194580078125 62.81897735595703125 23.181352615356445312 321.059906005859375 297.04510498046875 285.15350341796875 242.3946075439453125 46.915691375732421875 57.579288482666015625 176.1261444091796875 309.316986083984375 100.5691375732421875 126.26906585693359375
68.3543243408203125 84.37461090087890625 95.1302337646484375 169.3780975341796875 238.6175537109375 197.139739990234375 70.68621063232421875 70.15976715087890625 242.822540283203125 305.221160888671875 336.551544189453125 18.37828826904296875 82.33449554443359375 337.1253662109375 294.00555419921875 209.7794952392578125 133.2785186767578125 139.97119140625 148.971466064453125 138.5684661865234375 104.63458251953125 110.47690582275390625 225.054107666015625 252.087127685546875 208.0521087646484375 41.930316925048828125 167.197357177734375 312.69635009765625 291.69415283203125 313.884124755859375 309.960784912109375 60.646297454833984375 77.125823974609375 63.14608001708984375 114.985015869140625 328.076507568359375 304.575042724609375 261.141448974609375 175.1870574951171875 92.4153900146484375 94.80927276611328125 238.9955596923828125 298.05853271484375 96.643524169921875 85.07692718505859375
135.0901641845703125 100.1155853271484375 88.25649261474609375 194.6153564453125 245.8713836669921875 275.312591552734375 60.983348846435546875 237.4727020263671875 339.299896240234375 228.757476806640625 202.5845489501953125 22.771936416625976562 77.8797149658203125 263.549896240234375 219.676971435546875 141.5731201171875 126.85709381103515625 202.90771484375 98.35051727294921875 122.2640533447265625 106.85256195068359375 136.7973175048828125 239.3432464599609375 267.698486328125 162.7111663818359375 33.35204315185546875 120.84958648681640625 291.6099853515625 247.3427581787109375 263.5618896484375 125.5387725830078125 42.935298919677734375 54.072101593017578125 136.5538787841796875 288.291961669921875 232.6369476318359375 164.20147705078125 225.559844970703125 149.1934814453125 87.2972564697265625 79.4996337890625 284.9310302734375 300.06390380859375 221.2451629638671875 64.5636444091796875
159.382720947265625 116.10900115966796875 68.6420745849609375 290.7928466796875 255.2363128662109375 249.601348876953125 215.460205078125 287.93023681640625 162.6358642578125 58.547016143798828125 46.484424591064453125 149.838165283203125 177.0902862548828125 214.9006500244140625 78.5977630615234375 94.92180633544921875 104.75337982177734375 232.0460205078125 52.797435760498046875 93.38420867919921875 101.16919708251953125 153.497802734375 233.7822723388671875 259.814361572265625 236.625701904296875 42.4705657958984375 40.016780853271484375 255.420135498046875 211.414093017578125 205.4366607666015625 123.16794586181640625 71.59416961669921875 23.782938003540039062 221.65045166015625 180.813568115234375 61.230747222900390625 37.965656280517578125 207.70660400390625 160.518798828125 78.06268310546875 111.99617767333984375 255.170135498046875 277.8773193359375 164.4301300048828125 31.437471389770507812
187.7859954833984375 158.0134429931640625 103.1805877685546875 265.927642822265625 256.884735107421875 238.1016082763671875 242.046234130859375 169.362884521484375 100.8510894775390625 69.01201629638671875 27.071674346923828125 309.317230224609375 324.286895751953125 104.7876434326171875 37.3592071533203125 45.528202056884765625 139.64678955078125 224.4068145751953125 64.9425811767578125 60.60877227783203125 65.01236724853515625 103.89539337158203125 254.98846435546875 256.96392822265625 246.902252197265625 83.2512054443359375 73.15988922119140625 118.76511383056640625 189.1595916748046875 207.718719482421875 195.146636962890625 114.52742767333984375 34.85726165771484375 303.675048828125 46.5938568115234375 66.14531707763671875 77.24602508544921875 157.70050048828125 167.0518646240234375 98.601531982421875 119.2737579345703125 218.2336273193359375 250.0070037841796875 130.1188507080078125 56.46829986572265625
219.99359130859375 181.896270751953125 134.40838623046875 199.094146728515625 248.3919525146484375 228.727752685546875 200.0688629150390625 166.062286376953125 151.50323486328125 130.9277191162109375 227.2910614013671875 313.955902099609375 296.497589111328125 183.1715850830078125 40.58994293212890625 27.085468292236328125 228.011627197265625 324.7972412109375 67.5531158447265625 30.965641021728515625 32.16259765625 54.6424560546875 290.2310791015625 256.37261962890625 205.0467529296875 127.8092803955078125 90.224151611328125 76.743621826171875 231.720916748046875 226.822540283203125 207.088623046875 171.857086181640625 139.6719970703125 218.009521484375 116.07946014404296875 87.47676849365234375 66.66516876220703125 126.0648345947265625 147.7920074462890625 90.87418365478515625 80.7639923095703125 253.778839111328125 257.46630859375 194.8390045166015625 75.657196044921875
200.477874755859375 149.691131591796875 192.5425567626953125 246.7984466552734375 258.14141845703125 242.4029693603515625 200.7506866455078125 162.1930694580078125 187.289520263671875 226.3184967041015625 286.344818115234375 261.72747802734375 261.222412109375 135.08953857421875 61.825473785400390625 37.3672027587890625 306.98065185546875 339.286468505859375 20.007572174072265625 18.130819320678710938 20.470411300659179688 143.9615020751953125 309.6466064453125 270.813446044921875 177.3878936767578125 117.62836456298828125 107.66524505615234375 35.181224822998046875 153.342376708984375 157.93988037109375 223.7564544677734375 180.3686065673828125 173.3715362548828125 172.748779296875 171.0941314697265625 104.20589447021484375 54.363430023193359375 74.33390045166015625 209.4527130126953125 127.01678466796875 59.069423675537109375 300.300872802734375 282.227630615234375 202.171356201171875 81.84140777587890625
107.078857421875 99.61865997314453125 263.766998291015625 293.81817626953125 305.568511962890625 257.94781494140625 162.7457733154296875 184.175994873046875 230.566253662109375 215.8403167724609375 175.1171417236328125 200.8534393310546875 229.3208160400390625 122.19376373291015625 72.11264801025390625 79.31882476806640625 317.7784423828125 239.1582489013671875 20.891971588134765625 22.825330734252929688 27.12872314453125 229.7056427001953125 317.240753173828125 297.09051513671875 116.61357879638671875 95.43767547607421875 255.5992279052734375 158.959442138671875 18.726627349853515625 113.71730804443359375 209.6132965087890625 163.580230712890625 169.348297119140625 182.634124755859375 198.828460693359375 176.932830810546875 86.937774658203125 82.70556640625 318.04345703125 224.1369476318359375 140.1588287353515625 326.19732666015625 285.94549560546875 128.1112518310546875 67.91275787353515625
59.76519775390625 89.9424896240234375 292.085693359375 314.13726806640625 277.563812255859375 144.9323272705078125 106.5133819580078125 191.965972900390625 206.8255767822265625 163.4932708740234375 150.2369842529296875 191.5986480712890625 207.8103179931640625 156.27294921875 86.57161712646484375 155.8190155029296875 314.61431884765625 171.552581787109375 67.06499481201171875 66.4983978271484375 64.27210235595703125 188.80340576171875 250.31927490234375 242.165252685546875 106.871826171875 152.4789276123046875 287.7344970703125 175.6044464111328125 48.0790863037109375 79.14443206787109375 111.58809661865234375 119.32091522216796875 144.7512054443359375 206.97662353515625 224.9632415771484375 206.94476318359375 140.668304443359375 182.8083648681640625 301.71234130859375 274.298553466796875 167.7298736572265625 200.4906768798828125 189.6010894775390625 58.135547637939453125 47.110958099365234375
76.15981292724609375 156.5936126708984375 282.47607421875 296.951202392578125 120.97875213623046875 67.283843994140625 109.41759490966796875 182.9197845458984375 190.228118896484375 112.61540985107421875 132.085845947265625 193.4513397216796875 207.763031005859375 185.12969970703125 129.6519775390625 201.7433013916015625 226.6380157470703125 133.8499755859375 132.4263763427734375 136.99920654296875 114.63143157958984375 130.5093231201171875 172.6954803466796875 171.6035308837890625 153.279693603515625 194.447174072265625 234.4230499267578125 145.90240478515625 78.6527252197265625 76.87248992919921875 85.91049957275390625 77.05721282958984375 128.986358642578125 252.4780426025390625 253.4817962646484375 242.81317138671875 227.8658905029296875 254.688262939453125 277.849578857421875 297.050811767578125 32.0589752197265625 46.24730682373046875 68.159454345703125 156.800079345703125 26.945980072021484375
95.074310302734375 205.62994384765625 252.499420166015625 250.9138031005859375 95.81974029541015625 84.81494903564453125 128.97802734375 258.326873779296875 194.377349853515625 66.7639312744140625 69.10683441162109375 205.4927520751953125 232.8347625732421875 194.1700439453125 162.3385009765625 196.3704986572265625 145.0160064697265625 126.4068603515625 147.4997406005859375 164.1771240234375 116.102874755859375 106.14231109619140625 131.3798828125 148.72637939453125 180.9024505615234375 216.7939910888671875 237.3902435302734375 183.78924560546875 86.996429443359375 87.26325225830078125 71.3504486083984375 81.5224456787109375 208.749237060546875 295.093963623046875 278.473663330078125 289.886627197265625 303.821563720703125 296.729095458984375 263.750640869140625 233.631866455078125 86.3407440185546875 63.98967742919921875 124.7870330810546875 197.38446044921875 141.8872833251953125
106.203826904296875 219.8127899169921875 231.5987548828125 213.99578857421875 135.9861602783203125 78.906097412109375 201.500823974609375 328.00341796875 282.20098876953125 93.9662017822265625 36.5532989501953125 184.7038421630859375 224.4626007080078125 188.072113037109375 174.7839508056640625 175.8590850830078125 129.6628875732421875 94.04660797119140625 198.4950408935546875 249.609771728515625 98.2221527099609375 51.10945892333984375 65.929534912109375 78.916351318359375 259.36578369140625 255.6857147216796875 254.5347900390625 189.0715789794921875 83.39389801025390625 72.2586669921875 111.06400299072265625 241.776611328125 327.810028076171875 309.62744140625 281.786865234375 294.76690673828125 308.410736083984375 295.715606689453125 256.08734130859375 224.1409454345703125 146.246246337890625 91.47491455078125 162.19097900390625 241.962493896484375 279.44964599609375
124.4646759033203125 265.476776123046875 248.4501495361328125 231.7124481201171875 119.95726776123046875 38.066097259521484375 275.7486572265625 337.66046142578125 327.931060791015625 45.107372283935546875 51.68355560302734375 74.8348541259765625 173.1856536865234375 173.03997802734375 178.633697509765625 187.032928466796875 118.1333160400390625 60.4592132568359375 286.18206787109375 316.44879150390625 31.141080856323242188 34.92401123046875 33.640361785888671875 113.69811248779296875 315.318756103515625 283.02264404296875 222.328216552734375 146.481903076171875 92.5789794921875 46.48252105712890625 286.5321044921875 335.7103271484375 333.573486328125 187.069976806640625 268.970916748046875 281.796417236328125 249.2967071533203125 216.7093658447265625 241.2056732177734375 240.726776123046875 132.09747314453125 94.1944732666015625 85.8785247802734375 260.962799072265625 201.6561431884765625
271.372894287109375 327.614990234375 288.73162841796875 265.7052001953125 174.7735443115234375 94.2252197265625 326.982757568359375 334.479736328125 286.75421142578125 50.255397796630859375 62.425548553466796875 71.492828369140625 123.4635772705078125 146.55767822265625 182.1206512451171875 201.6458282470703125 151.6645965576171875 87.85693359375 283.672576904296875 249.88946533203125 45.115413665771484375 44.9622650146484375 43.511119842529296875 174.1168365478515625 295.369110107421875 291.338714599609375 156.4349212646484375 107.3284759521484375 94.79238128662109375 125.24564361572265625 322.458251953125 276.58917236328125 128.7352142333984375 113.637176513671875 240.418975830078125 262.1207275390625 163.686676025390625 159.7062530517578125 240.1866607666015625 268.622955322265625 77.551513671875 54.915508270263671875 78.89441680908203125 246.5584259033203125 141.666107177734375
345.366668701171875 342.787261962890625 300.8206787109375 277.0037841796875 225.9604644775390625 196.6883392333984375 239.5099639892578125 229.66705322265625 145.352996826171875 68.2838134765625 65.4660797119140625 65.8787994384765625 91.357147216796875 124.87976837158203125 169.8966827392578125 197.925201416015625 169.507080078125 158.3851165771484375 226.150970458984375 186.99835205078125 84.47444915771484375 66.704803466796875 64.72896575927734375 141.16278076171875 268.638702392578125 300.64947509765625 228.6092376708984375 55.45920562744140625 108.8737945556640625 251.053497314453125 300.18084716796875 155.6665191650390625 54.659000396728515625 115.0454254150390625 220.036834716796875 246.5185546875 108.5272674560546875 145.396209716796875 233.6318511962890625 260.0892333984375 154.2518768310546875 30.998134613037109375 134.1696014404296875 196.66741943359375 135.65142822265625
309.484161376953125 311.8935546875 189.2000885009765625 215.37042236328125 175.751373291015625 182.8389129638671875 192.087982177734375 155.6897125244140625 112.52581024169921875 85.34987640380859375 62.2402496337890625 74.022796630859375 90.30084228515625 120.25585174560546875 164.2282562255859375 199.3999786376953125 172.1818084716796875 186.01123046875 225.242095947265625 189.4227447509765625 105.51692962646484375 220.5085906982421875 50.3267974853515625 88.9598541259765625 283.168426513671875 312.507110595703125 216.18621826171875 16.506063461303710938 38.353267669677734375 225.0521697998046875 285.756866455078125 91.707183837890625 72.24468994140625 97.2310943603515625 224.0639495849609375 221.368072509765625 126.72956085205078125 156.40966796875 245.545318603515625 277.364166259765625 134.597625732421875 36.206012725830078125 70.70441436767578125 72.34531402587890625 252.8399658203125
224.3005523681640625 184.7740020751953125 145.822662353515625 180.308868408203125 183.416748046875 196.6554412841796875 181.47271728515625 167.769195556640625 137.812347412109375 93.94738006591796875 55.62819671630859375 71.65425872802734375 91.87776947021484375 107.2530059814453125 185.2903594970703125 221.924468994140625 246.0579833984375 252.0824127197265625 261.8614501953125 276.38153076171875 249.5816802978515625 307.730926513671875 118.4462890625 167.013336181640625 304.1256103515625 317.496063232421875 115.5025634765625 26.82452392578125 26.085878372192382812 308.2374267578125 273.017913818359375 44.244853973388671875 63.2310943603515625 64.11737823486328125 155.6218719482421875 226.4220733642578125 155.4600830078125 233.319183349609375 285.52484130859375 284.587615966796875 87.5727386474609375 62.387172698974609375 71.4977874755859375 236.071533203125 247.236541748046875
