Forest_LCP_Outputs/aspect.asc
ncols        250
nrows        253
xllcorner    -2044817.845419629943
yllcorner    2022214.475814298494
cellsize     26.855736874859
NODATA_value -9999
[rows 40 to 59 of 253, columns 180 to 224 of 250]
217.825103759765625 212.389556884765625 210.99188232421875 221.858978271484375 217.990814208984375 211.5642852783203125 215.820526123046875 213.254669189453125 212.0097808837890625 211.3976898193359375 218.9260101318359375 222.102020263671875 213.38775634765625 215.8516082763671875 211.0275726318359375 211.2852630615234375 214.97393798828125 211.4776458740234375 220.5344085693359375 216.94171142578125 213.91510009765625 212.351593017578125 215.689178466796875 218.6598052978515625 -9999 -9999 -9999 -9999 -9999 -9999 -9999 -9999 -9999 -9999 -9999 -9999 -9999 -9999 -9999 -9999 -9999 -9999 -9999 -9999 -9999
214.82574462890625 213.4455718994140625 211.2635040283203125 215.505126953125 214.89166259765625 212.7578125 219.3268280029296875 214.9443206787109375 214.8939666748046875 211.7189483642578125 217.0944671630859375 222.989990234375 211.2277374267578125 214.8907470703125 215.9446868896484375 211.911041259765625 213.1081695556640625 215.605010986328125 219.6649169921875 213.134796142578125 218.5920257568359375 213.6093292236328125 213.500762939453125 212.5488128662109375 215.358856201171875 220.2454071044921875 210.9637451171875 217.1208038330078125 -9999 -9999 -9999 -9999 -9999 -9999 -9999 -9999 -9999 -9999 -9999 -9999 -9999 -9999 -9999 -9999 -9999
212.3134307861328125 215.44952392578125 211.688812255859375 212.59002685546875 210.8905181884765625 218.9257965087890625 219.927734375 211.7350616455078125 222.1765594482421875 210.716217041015625 210.0819091796875 216.476654052734375 214.3922882080078125 218.0024871826171875 214.9122161865234375 216.2527008056640625 220.600372314453125 214.980499267578125 215.0726165771484375 210.9673309326171875 214.7299652099609375 218.668365478515625 212.5399627685546875 215.8070526123046875 217.6852874755859375 215.1260833740234375 210.9637451171875 215.9760589599609375 216.7865447998046875 211.27374267578125 208.3994293212890625 218.6598052978515625 -9999 -9999 -9999 -9999 -9999 -9999 -9999 -9999 -9999 -9999 -9999 -9999 -9999
212.840057373046875 219.104949951171875 213.2677764892578125 214.279083251953125 216.0173187255859375 217.7057647705078125 217.255279541015625 212.076690673828125 218.20880126953125 213.643310546875 210.7027587890625 213.9311981201171875 219.3011932373046875 213.9352264404296875 211.13287353515625 222.0966949462890625 224.85308837890625 210.9637451171875 211.922119140625 214.4038543701171875 215.757354736328125 214.0724945068359375 218.697601318359375 221.8897705078125 214.142730712890625 215.58624267578125 211.3304595947265625 210.975860595703125 219.6808624267578125 212.8166351318359375 218.271026611328125 217.3072967529296875 215.91375732421875 212.2692413330078125 210.9637451171875 221.0997467041015625 -9999 -9999 -9999 -9999 -9999 -9999 -9999 -9999 -9999
219.895294189453125 220.5739288330078125 211.306488037109375 221.374481201171875 220.1102447509765625 212.4880828857421875 212.668243408203125 212.7964324951171875 217.31329345703125 214.2701568603515625 217.96563720703125 218.4509124755859375 215.4820404052734375 214.938507080078125 211.817138671875 220.5245819091796875 218.510467529296875 213.0630340576171875 217.195587158203125 216.11895751953125 215.0989532470703125 216.9319305419921875 219.4921875 221.8226318359375 210.9995880126953125 214.749847412109375 215.830596923828125 212.259429931640625 214.2812042236328125 217.467926025390625 223.3139495849609375 214.56488037109375 218.2539520263671875 213.666229248046875 210.9637451171875 218.4123077392578125 212.2771759033203125 224.05072021484375 216.822509765625 195.5834503173828125 -9999 -9999 -9999 -9999 -9999
219.619110107421875 216.950592041015625 213.42327880859375 220.012054443359375 215.104705810546875 211.0550689697265625 215.9509124755859375 215.85107421875 214.2891845703125 211.180511474609375 224.9205169677734375 220.3645782470703125 212.98968505859375 218.531341552734375 212.2296142578125 213.0977630615234375 213.92950439453125 219.305511474609375 215.4920501708984375 211.71856689453125 221.1952056884765625 222.3567657470703125 212.3890380859375 213.8078765869140625 213.4569854736328125 217.8611602783203125 215.8572540283203125 217.763031005859375 220.8646240234375 217.6212005615234375 219.22796630859375 211.72381591796875 214.6220550537109375 219.03466796875 212.3330535888671875 216.01019287109375 216.90618896484375 223.5198974609375 216.053619384765625 183.6899871826171875 148.5810089111328125 141.3401947021484375 135.536285400390625 135 -9999
213.9388427734375 212.98077392578125 212.570220947265625 216.3598785400390625 210.3414764404296875 217.43865966796875 222.082763671875 211.80950927734375 217.0781402587890625 211.4183349609375 217.535980224609375 217.9322662353515625 212.467926025390625 218.20587158203125 213.7031097412109375 214.061309814453125 217.5976409912109375 218.3732757568359375 211.209991455078125 211.756500244140625 219.1560821533203125 216.3067474365234375 211.2820892333984375 215.307159423828125 217.989654541015625 215.810791015625 213.719696044921875 222.178741455078125 225 210.9637451171875 211.933258056640625 213.6312255859375 215.9170074462890625 214.97705078125 217.6467437744140625 223.8016815185546875 216.7156982421875 219.8260498046875 212.7591094970703125 171.796600341796875 140.233367919921875 140.350677490234375 135 135 137.3896331787109375
210.9637451171875 214.9757843017578125 215.9764556884765625 213.515533447265625 209.848175048828125 221.619720458984375 217.000823974609375 214.5583953857421875 217.9646148681640625 209.948333740234375 214.48486328125 215.8516387939453125 215.430328369140625 216.076416015625 211.2777099609375 224.8102874755859375 218.745391845703125 213.688568115234375 214.0230712890625 210.9637451171875 214.0057830810546875 211.902313232421875 216.3787689208984375 220.8848724365234375 212.62188720703125 219.0178070068359375 221.08538818359375 216.30615234375 216.7001190185546875 212.4031829833984375 216.30364990234375 216.8406219482421875 214.8923492431640625 216.0489654541015625 219.6524810791015625 223.237091064453125 211.837188720703125 214.7860565185546875 210.503814697265625 161.36651611328125 136.6279296875 136.5300750732421875 135 135 138.5217742919921875
216.3703155517578125 221.647735595703125 213.362060546875 214.6079254150390625 211.57110595703125 216.262237548828125 214.68218994140625 213.49920654296875 218.40673828125 212.2653961181640625 219.24462890625 221.7440032958984375 213.6555938720703125 214.409820556640625 212.616363525390625 221.6240692138671875 217.982330322265625 212.46856689453125 216.5660247802734375 212.4008026123046875 213.56781005859375 210.8356781005859375 220.9091644287109375 218.2899932861328125 212.3386993408203125 221.6077117919921875 217.711181640625 210.9637451171875 213.552764892578125 217.854949951171875 216.3003082275390625 212.259246826171875 220.0753021240234375 224.42156982421875 212.9814453125 214.6767578125 212.6524505615234375 217.489044189453125 200.2039337158203125 152.23236083984375 137.34710693359375 136.0434722900390625 135 135 136.5049896240234375
221.6133270263671875 216.690399169921875 216.1374969482421875 216.1532440185546875 209.275787353515625 215.747802734375 213.5023193359375 215.1357421875 218.33575439453125 211.77783203125 222.5444183349609375 218.1147308349609375 214.7697296142578125 216.8710174560546875 209.8885040283203125 216.1869354248046875 213.9519805908203125 216.57720947265625 219.4132080078125 211.2633209228515625 221.6020965576171875 218.550201416015625 215.99530029296875 216.1244049072265625 211.829864501953125 216.86212158203125 212.6078033447265625 214.319183349609375 220.623504638671875 214.778045654296875 211.16937255859375 211.509063720703125 222.7695159912109375 220.864471435546875 211.25421142578125 214.3199005126953125 217.9824066162109375 216.4756011962890625 189.4171295166015625 147.5183868408203125 138.0277252197265625 135.1908721923828125 135.0585174560546875 135.53302001953125 135
218.2002716064453125 213.8159027099609375 215.4682159423828125 217.2224273681640625 211.048248291015625 219.2929229736328125 219.496185302734375 214.8002471923828125 213.01959228515625 213.078155517578125 219.0467681884765625 214.5805206298828125 215.7458953857421875 216.7301025390625 210.8331756591796875 217.8118438720703125 218.549102783203125 219.022857666015625 213.44085693359375 213.999908447265625 225 218.954620361328125 213.5799713134765625 214.96710205078125 211.2181854248046875 213.5311126708984375 209.2971038818359375 222.1333465576171875 219.172882080078125 212.363433837890625 216.57135009765625 212.5315093994140625 218.255615234375 216.0719757080078125 216.166778564453125 218.1170196533203125 213.106842041015625 217.9436187744140625 181.4062042236328125 137.6176910400390625 135.3808135986328125 136.680877685546875 136.9538421630859375 137.4384002685546875 135
216.4134368896484375 211.6497955322265625 214.4001007080078125 219.492431640625 213.16455078125 222.2646026611328125 217.760986328125 215.564483642578125 214.87042236328125 210.0681915283203125 216.5527801513671875 212.4146575927734375 213.364532470703125 220.710479736328125 211.941436767578125 222.1364898681640625 219.302215576171875 214.614593505859375 214.9895477294921875 211.9176483154296875 219.3044281005859375 214.3101348876953125 213.990203857421875 219.874267578125 211.1159210205078125 217.564849853515625 215.5735626220703125 218.37164306640625 216.02374267578125 213.6356048583984375 217.9301300048828125 212.674285888671875 217.326324462890625 219.7874603271484375 217.89288330078125 211.2040863037109375 211.725128173828125 216.4033203125 169.0587921142578125 135 137.6062164306640625 140.414215087890625 137.911224365234375 138.283599853515625 135.5557861328125
211.621429443359375 215.423614501953125 217.205535888671875 212.9282989501953125 215.0344696044921875 219.88238525390625 213.71429443359375 218.208709716796875 214.403106689453125 209.6029510498046875 218.6585693359375 216.197509765625 215.8508758544921875 214.1166534423828125 214.6625213623046875 220.5123748779296875 214.5377960205078125 217.8927764892578125 214.5873565673828125 209.3729705810546875 217.6676025390625 214.562744140625 220.20147705078125 215.0811309814453125 214.6644744873046875 225 218.2867889404296875 215.6506500244140625 213.8583221435546875 210.9637451171875 218.576507568359375 212.0120697021484375 222.683502197265625 220.7791595458984375 211.8866424560546875 213.4599609375 213.7790069580078125 203.187347412109375 156.398712158203125 135 138.6531829833984375 140.947906494140625 135.730987548828125 138.47125244140625 136.7967376708984375
215.028045654296875 217.305572509765625 217.52001953125 213.00067138671875 211.2685089111328125 217.733978271484375 211.5483245849609375 214.238983154296875 219.3558197021484375 213.13653564453125 221.58209228515625 218.3372802734375 214.9748992919921875 218.143890380859375 215.9387664794921875 215.9066162109375 212.054840087890625 214.6780853271484375 219.1889495849609375 211.9618072509765625 220.912017822265625 219.5138397216796875 215.7435455322265625 216.6465301513671875 218.113677978515625 221.72576904296875 214.4298858642578125 213.30535888671875 217.5068206787109375 210.9863739013671875 215.05322265625 213.2020263671875 220.638641357421875 215.9236297607421875 215.1685028076171875 216.514984130859375 212.6972198486328125 189.843994140625 143.7387237548828125 135 136.3962554931640625 137.2667388916015625 135 136.667938232421875 140.4851226806640625
221.2263641357421875 213.6635284423828125 216.9975433349609375 211.461517333984375 208.8400726318359375 214.307098388671875 213.50213623046875 216.2084808349609375 214.550018310546875 216.30450439453125 220.652618408203125 213.9609527587890625 219.725189208984375 221.691558837890625 211.8201751708984375 211.6727142333984375 212.7532501220703125 215.8529510498046875 216.166259765625 215.4253692626953125 221.4046630859375 215.1460113525390625 218.27545166015625 222.0422821044921875 213.595916748046875 213.3938751220703125 211.09442138671875 218.1949615478515625 218.0711212158203125 214.4660797119140625 221.7926483154296875 216.9796905517578125 218.650146484375 214.49432373046875 212.3747711181640625 219.382476806640625 218.7793731689453125 180.10723876953125 135.1414337158203125 135.7431182861328125 136.09539794921875 137.0583953857421875 135 137.73199462890625 140.8646087646484375
222.913421630859375 211.0792694091796875 214.5005035400390625 216.76702880859375 211.8003692626953125 214.2284088134765625 217.4448394775390625 216.9616241455078125 216.6424560546875 216.0369110107421875 217.4939117431640625 211.4234466552734375 217.1007537841796875 217.5384979248046875 210.809814453125 215.3859405517578125 217.62664794921875 214.8068389892578125 215.1748504638671875 216.396148681640625 218.873138427734375 212.213287353515625 217.962188720703125 218.7105255126953125 212.257171630859375 213.235595703125 218.2928009033203125 217.3028106689453125 214.1597442626953125 218.6113128662109375 225 214.63946533203125 218.41278076171875 214.3223724365234375 211.000946044921875 217.162109375 214.2135009765625 167.99444580078125 137.215728759765625 139.2062835693359375 138.1463623046875 136.38116455078125 135 136.6064910888671875 137.3571014404296875
216.326507568359375 214.307861328125 218.1398162841796875 215.0494842529296875 218.54571533203125 220.135162353515625 214.8106536865234375 220.8777923583984375 222.5791015625 211.776214599609375 212.7084503173828125 211.9717864990234375 214.6878204345703125 213.0015869140625 214.7781524658203125 220.5681610107421875 214.46270751953125 218.7584075927734375 223.307952880859375 213.07574462890625 218.436798095703125 210.9637451171875 212.0022125244140625 217.3755645751953125 218.372802734375 218.0318603515625 214.3237762451171875 217.241119384765625 221.667022705078125 216.250457763671875 217.505401611328125 211.0225982666015625 214.6611480712890625 218.707275390625 213.49884033203125 218.084930419921875 198.7106170654296875 156.4237823486328125 137.61279296875 137.7138824462890625 135.6141204833984375 136.6249237060546875 135.8530426025390625 138.7548370361328125 135.5780792236328125
213.662811279296875 218.9514617919921875 216.834259033203125 211.574615478515625 220.8342742919921875 222.939727783203125 211.28302001953125 219.2642974853515625 217.0292205810546875 211.123046875 214.6041107177734375 216.369354248046875 214.6038818359375 213.1048431396484375 217.7275238037109375 219.0313262939453125 211.3470611572265625 222.9218902587890625 222.42333984375 211.5610809326171875 215.7677459716796875 214.2290496826171875 212.1491546630859375 216.438751220703125 220.2794952392578125 213.59930419921875 210.9816436767578125 222.3781890869140625 224.25634765625 210.9637451171875 212.2241058349609375 215.160430908203125 215.5819244384765625 213.4787445068359375 218.977783203125 222.3779296875 184.0963287353515625 142.60693359375 135.1723480224609375 135 135.6897125244140625 140.44873046875 138.7173004150390625 138.08929443359375 136.38201904296875
217.7194061279296875 215.35992431640625 218.5828399658203125 210.8822021484375 213.024444580078125 218.84197998046875 212.0725860595703125 214.9403076171875 212.652008056640625 215.41925048828125 220.640960693359375 213.500823974609375 218.3492431640625 221.71734619140625 214.1749725341796875 217.5704345703125 212.1817626953125 218.006591796875 216.3594818115234375 214.926513671875 218.184356689453125 213.9835662841796875 216.423858642578125 218.2902679443359375 214.9158172607421875 215.935516357421875 211.85906982421875 219.6847686767578125 217.9996337890625 213.556549072265625 217.7590789794921875 215.7420501708984375 215.4900970458984375 217.8431243896484375 218.89434814453125 222.8893585205078125 175.3304901123046875 138.554168701171875 135 135 137.015869140625 140.90679931640625 137.7097930908203125 137.3285369873046875 137.4443511962890625
218.1025238037109375 211.740447998046875 216.24322509765625 211.4302215576171875 213.31866455078125 218.0738372802734375 215.8279876708984375 214.180267333984375 210.9599456787109375 220.002532958984375 218.7605133056640625 211.71685791015625 223.251800537109375 221.5909423828125 212.228302001953125 215.9507904052734375 212.7546234130859375 211.66748046875 214.29254150390625 220.456634521484375 212.82000732421875 213.0248260498046875 223.0450897216796875 220.5150299072265625 212.9180755615234375 218.5340423583984375 212.486175537109375 216.2360687255859375 218.1975250244140625 218.7468719482421875 214.4666595458984375 212.2385101318359375 221.823883056640625 224.3881683349609375 212.2589263916015625 208.2118988037109375 161.3950042724609375 138.132476806640625 136.25006103515625 135 135.9192657470703125 137.40606689453125 135.482421875 135.042266845703125 140.520599365234375
