Forest_LCP_Outputs/aspect.asc
ncols        250
nrows        253
xllcorner    -2044817.845419629943
yllcorner    2022214.475814298494
cellsize     26.855736874859
NODATA_value -9999
[rows 200 to 219 of 253, columns 45 to 89 of 250]
142.0619049072265625 33.245571136474609375 28.7752685546875 321.802825927734375 305.33392333984375 290.670745849609375 268.540435791015625 75.94113922119140625 80.8980560302734375 70.5142822265625 216.4373016357421875 312.595489501953125 275.556243896484375 280.5076904296875 303.458770751953125 310.785614013671875 296.201171875 265.69610595703125 174.0154876708984375 168.5358123779296875 208.21331787109375 227.5076751708984375 217.62152099609375 188.8821868896484375 198.6554107666015625 245.9895477294921875 312.34393310546875 323.368560791015625 299.4945068359375 264.70538330078125 233.7630767822265625 205.977294921875 187.4570159912109375 194.5286102294921875 188.84478759765625 178.4335479736328125 181.867828369140625 199.527008056640625 210.7761077880859375 206.2345428466796875 203.8389434814453125 197.3643035888671875 183.824920654296875 171.9903106689453125 168.674285888671875
49.853633880615234375 29.443235397338867188 59.75402069091796875 349.7586669921875 318.478424072265625 208.4403839111328125 57.37445831298828125 81.05103302001953125 71.9167938232421875 53.634654998779296875 293.07879638671875 305.769195556640625 281.798919677734375 278.406158447265625 289.059783935546875 283.5242919921875 258.86151123046875 200.890716552734375 135.0632171630859375 165.6591949462890625 208.7710723876953125 217.8554534912109375 201.4473419189453125 171.0661773681640625 211.1208648681640625 262.531890869140625 302.83123779296875 326.85174560546875 282.445587158203125 246.694061279296875 212.8189697265625 193.5629119873046875 170.0009613037109375 177.05609130859375 176.0242767333984375 175.10125732421875 187.9262237548828125 206.746795654296875 209.5266876220703125 203.38348388671875 201.201690673828125 194.0142822265625 179.9052276611328125 171.3685150146484375 172.5587615966796875
45.321781158447265625 18.295633316040039062 63.21323394775390625 271.19659423828125 301.77752685546875 187.126434326171875 106.33219146728515625 97.20800018310546875 66.91573333740234375 35.059604644775390625 344.847808837890625 314.0382080078125 292.80194091796875 286.470428466796875 286.23431396484375 266.042694091796875 221.002197265625 163.144805908203125 134.959930419921875 159.1472320556640625 193.2475738525390625 205.525970458984375 202.988861083984375 208.286834716796875 255.8204803466796875 270.84088134765625 292.317291259765625 333.547119140625 107.5888824462890625 95.5290985107421875 199.1155548095703125 191.7593231201171875 148.5305328369140625 149.3016204833984375 166.480316162109375 181.59002685546875 199.74334716796875 213.5579376220703125 209.9868316650390625 201.33203125 200.1448211669921875 193.4215087890625 177.81939697265625 171.61181640625 173.1210784912109375
328.23138427734375 120.364288330078125 32.3394927978515625 228.4821014404296875 159.7518310546875 128.1781005859375 123.41196441650390625 99.1096038818359375 53.5407562255859375 118.03098297119140625 337.6087646484375 312.58929443359375 294.28106689453125 297.66058349609375 317.378204345703125 317.90472412109375 167.463653564453125 148.9136505126953125 146.519989013671875 155.5375213623046875 182.8714141845703125 211.6291961669921875 233.7711334228515625 265.14385986328125 270.421966552734375 262.428314208984375 264.206451416015625 328.7049560546875 55.448368072509765625 56.5469970703125 131.8426666259765625 168.7491302490234375 142.8475799560546875 139.9639892578125 162.50689697265625 190.2611083984375 211.40185546875 219.775634765625 206.733673095703125 193.4415130615234375 197.1969757080078125 189.62298583984375 176.0054779052734375 171.8412628173828125 171.126007080078125
152.236968994140625 65.777618408203125 78.6042022705078125 111.44548797607421875 127.1722412109375 122.41466522216796875 144.755584716796875 135.5621185302734375 13.872648239135742188 204.8363494873046875 335.0537109375 304.83392333984375 280.838531494140625 281.0640869140625 301.68463134765625 171.4433135986328125 103.6806793212890625 141.73834228515625 128.3818359375 93.9129486083984375 187.37017822265625 242.3596649169921875 252.23663330078125 248.4849700927734375 248.58367919921875 245.552734375 228.221771240234375 196.2151336669921875 169.193023681640625 124.097412109375 63.693500518798828125 128.3823394775390625 138.1591339111328125 143.0237579345703125 165.7534332275390625 197.896820068359375 218.3863677978515625 219.184326171875 199.2958984375 185.7354583740234375 189.9869842529296875 184.824859619140625 175.1537933349609375 170.7238006591796875 170.6052093505859375
61.34545135498046875 93.62050628662109375 112.660797119140625 120.27849578857421875 125.3803253173828125 170.2500457763671875 268.500823974609375 346.512603759765625 72.81255340576171875 108.97173309326171875 328.882354736328125 307.0726318359375 277.515625 284.09722900390625 275.485870361328125 103.0890960693359375 50.995819091796875 217.4776458740234375 276.314697265625 64.12656402587890625 274.528533935546875 264.415496826171875 234.460052490234375 220.3995819091796875 230.3424530029296875 236.9355926513671875 228.934295654296875 216.021087646484375 253.2512664794921875 136.781280517578125 67.25429534912109375 109.7366943359375 135.875335693359375 150.9806060791015625 170.907012939453125 196.54034423828125 212.9346923828125 210.1374969482421875 188.06268310546875 178.4952392578125 183.2978515625 181.3582305908203125 173.298919677734375 168.0679168701171875 171.74920654296875
120.81975555419921875 125.55002593994140625 122.0474395751953125 125.49272918701171875 164.8024444580078125 272.300872802734375 321.135101318359375 333.088531494140625 247.25335693359375 193.6429443359375 341.808135986328125 330.012908935546875 311.330718994140625 310.450469970703125 341.010833740234375 170.679229736328125 12.474553108215332031 302.76763916015625 345.305084228515625 11.982228279113769531 318.002044677734375 296.942657470703125 217.5836639404296875 217.19830322265625 231.6109466552734375 239.838897705078125 235.824310302734375 220.145477294921875 233.347412109375 113.48552703857421875 90.63958740234375 105.86884307861328125 132.01019287109375 157.3003997802734375 176.7609710693359375 196.6115264892578125 210.5100250244140625 199.717864990234375 176.2386932373046875 171.6960296630859375 180.1984100341796875 178.9167022705078125 168.56561279296875 166.7989501953125 171.15423583984375
142.859283447265625 137.1051025390625 127.6315765380859375 134.4918670654296875 222.6868133544921875 257.75250244140625 277.02960205078125 314.360626220703125 337.25494384765625 344.169952392578125 345.923736572265625 343.250244140625 322.91693115234375 318.732086181640625 350.5728759765625 354.558441162109375 285.3211669921875 351.06451416015625 270.214691162109375 3.6176288127899169922 28.712461471557617188 93.0265655517578125 194.4850921630859375 237.1408843994140625 240.96551513671875 237.5099639892578125 225.9683990478515625 193.4054718017578125 185.8634185791015625 161.750701904296875 115.75225067138671875 109.97039794921875 130.5643310546875 160.63287353515625 183.2150726318359375 205.6082305908203125 211.8499298095703125 187.910125732421875 166.59002685546875 170.72052001953125 180.6038055419921875 174.6360931396484375 161.81549072265625 164.6701507568359375 168.4900360107421875
146.3095550537109375 132.767059326171875 96.8629608154296875 115.67833709716796875 253.8254241943359375 267.4383544921875 294.890411376953125 309.815155029296875 321.9822998046875 341.19921875 355.477081298828125 140.1509246826171875 330.665740966796875 297.436767578125 339.1700439453125 338.603240966796875 341.872161865234375 290.094879150390625 142.1993408203125 6.4083166122436523438 22.643596649169921875 43.0094451904296875 186.0627288818359375 246.413238525390625 237.4023284912109375 223.5523834228515625 203.0132904052734375 171.65106201171875 167.8387451171875 160.15313720703125 130.0184173583984375 118.9517974853515625 137.0862579345703125 174.1881256103515625 202.8877410888671875 217.2915496826171875 204.7237548828125 175.406951904296875 163.0459136962890625 171.33880615234375 182.3093719482421875 171.7663116455078125 151.1850738525390625 153.01934814453125 161.1302337646484375
183.5538482666015625 274.760650634765625 203.49761962890625 208.2462921142578125 323.623992919921875 315.54248046875 314.224884033203125 306.157958984375 309.0675048828125 349.641021728515625 134.1435089111328125 77.81557464599609375 251.5157470703125 278.246337890625 307.7874755859375 325.530731201171875 338.805633544921875 107.01436614990234375 9.7546396255493164062 13.329888343811035156 41.098079681396484375 62.645282745361328125 99.1154327392578125 224.3645172119140625 218.811553955078125 205.9374237060546875 185.1981048583984375 162.61920166015625 163.311614990234375 158.7388458251953125 137.0040435791015625 129.4716796875 151.8251953125 193.9855804443359375 213.2211761474609375 206.0295867919921875 185.2858428955078125 168.4815216064453125 162.2972869873046875 167.9944610595703125 184.82080078125 178.67059326171875 137.15301513671875 132.1703033447265625 148.7908782958984375
284.160491943359375 326.894683837890625 340.652679443359375 341.954620361328125 335.466064453125 333.531646728515625 323.53570556640625 298.593658447265625 258.61907958984375 155.2805633544921875 113.6570892333984375 126.70792388916015625 202.190826416015625 302.783843994140625 311.469390869140625 318.97869873046875 333.21240234375 41.7504425048828125 12.0891571044921875 19.486042022705078125 46.29669952392578125 61.775302886962890625 134.379241943359375 216.689483642578125 201.166107177734375 190.149566650390625 176.8567657470703125 160.3996429443359375 156.3838043212890625 152.72027587890625 143.32470703125 141.783843994140625 167.3306427001953125 207.4063568115234375 207.7869415283203125 181.1901702880859375 170.3419189453125 177.500152587890625 162.625762939453125 156.1707000732421875 186.711456298828125 185.0458984375 137.4694061279296875 119.89488983154296875 135.9623260498046875
314.378082275390625 318.957916259765625 325.709716796875 339.24267578125 341.776275634765625 339.947845458984375 326.134429931640625 297.265960693359375 194.17755126953125 85.79914093017578125 178.7104034423828125 287.9390869140625 323.013519287109375 319.929473876953125 330.769500732421875 325.559356689453125 325.792205810546875 240.9701995849609375 8.557819366455078125 20.326618194580078125 37.11005401611328125 34.9670257568359375 45.326702117919921875 99.992156982421875 158.0138397216796875 174.325347900390625 175.89422607421875 165.5827178955078125 149.2048187255859375 144.265838623046875 150.11700439453125 159.8901519775390625 196.9842376708984375 220.4392547607421875 199.036773681640625 163.3856201171875 169.1904754638671875 188.8137664794921875 162.01806640625 147.8010406494140625 180.6976470947265625 177.970916748046875 143.277252197265625 119.21678924560546875 122.2535400390625
320.028472900390625 319.294921875 318.47314453125 332.8369140625 344.0435791015625 344.703399658203125 335.257781982421875 329.975311279296875 106.285552978515625 32.1734161376953125 306.6873779296875 320.692657470703125 326.630126953125 334.825897216796875 347.58734130859375 342.13409423828125 337.33880615234375 159.0308837890625 4.6544604301452636719 16.623865127563476562 29.894886016845703125 25.65958404541015625 24.87885284423828125 50.1099853515625 112.55490875244140625 155.741058349609375 171.506805419921875 164.74786376953125 142.41180419921875 135.4395599365234375 160.4487762451171875 186.759429931640625 212.929840087890625 219.5228271484375 192.4857940673828125 158.2051849365234375 169.4244384765625 185.49835205078125 158.4065093994140625 143.3583526611328125 170.2445068359375 173.429534912109375 152.927001953125 132.50128173828125 125.6919708251953125
-9999 -9999 -9999 -9999 345.1134033203125 347.631072998046875 344.00555419921875 340.026763916015625 191.1855621337890625 44.82489013671875 331.320953369140625 316.16796875 325.51690673828125 341.877197265625 305.53802490234375 344.005584716796875 348.297119140625 70.32428741455078125 4.9756441116333007812 11.246797561645507812 30.24684906005859375 32.98679351806640625 43.00614166259765625 57.698596954345703125 60.7495574951171875 74.13132476806640625 119.2740325927734375 147.517333984375 134.6995086669921875 121.34740447998046875 160.5346221923828125 197.4375 201.9564666748046875 195.72418212890625 182.007843017578125 161.5290679931640625 168.2997589111328125 181.8441009521484375 154.7829132080078125 133.9528045654296875 158.2809600830078125 172.5117034912109375 159.903533935546875 146.011749267578125 138.6302947998046875
-9999 -9999 -9999 -9999 -9999 -9999 -9999 -9999 246.27801513671875 138.8598480224609375 331.6298828125 311.8358154296875 315.294769287109375 338.693817138671875 81.74224853515625 327.89801025390625 124.57479095458984375 28.770877838134765625 23.05194854736328125 21.037960052490234375 53.670963287353515625 59.74555206298828125 65.5377197265625 64.60210418701171875 41.2944183349609375 43.263027191162109375 80.6375732421875 125.6603546142578125 134.1382293701171875 130.2813873291015625 159.48309326171875 192.354827880859375 188.3987884521484375 183.9366455078125 179.863861083984375 162.9843292236328125 166.07611083984375 181.841339111328125 161.687408447265625 132.0238189697265625 144.753082275390625 163.1126861572265625 156.2055206298828125 153.2718963623046875 156.8395538330078125
-9999 -9999 -9999 -9999 -9999 -9999 -9999 -9999 -9999 -9999 -9999 -9999 304.414276123046875 330.920501708984375 294.927734375 93.5113677978515625 28.273529052734375 56.60076904296875 94.74039459228515625 117.03720855712890625 106.0539703369140625 98.17191314697265625 90.8891448974609375 87.87343597412109375 91.73183441162109375 75.304046630859375 72.43173980712890625 102.740936279296875 134.844512939453125 144.2607421875 168.469085693359375 191.7985687255859375 179.0127105712890625 178.973358154296875 182.381805419921875 165.8895416259765625 164.1328125 176.0276641845703125 166.80035400390625 143.3750152587890625 140.73065185546875 141.6129302978515625 137.393310546875 152.509521484375 168.9475860595703125
-9999 -9999 -9999 -9999 -9999 -9999 -9999 -9999 -9999 -9999 -9999 -9999 -9999 -9999 -9999 -9999 50.921558380126953125 85.88596343994140625 116.10162353515625 132.7015533447265625 131.001434326171875 128.7667083740234375 119.00907135009765625 119.99410247802734375 136.2887115478515625 122.08142852783203125 93.7406463623046875 101.880950927734375 129.631988525390625 151.98992919921875 181.4965057373046875 196.8716888427734375 166.9751434326171875 172.13104248046875 183.37286376953125 171.2623443603515625 162.8188018798828125 169.766021728515625 169.7196197509765625 155.7816619873046875 147.129302978515625 129.9174652099609375 121.70691680908203125 142.4526519775390625 168.8090057373046875
-9999 -9999 -9999 -9999 -9999 -9999 -9999 -9999 -9999 -9999 -9999 -9999 -9999 -9999 -9999 -9999 -9999 -9999 -9999 -9999 133.109283447265625 134.0085601806640625 128.99755859375 135.9371185302734375 162.9640045166015625 155.3628997802734375 105.858917236328125 94.6300506591796875 115.06246185302734375 152.557098388671875 188.6812591552734375 185.6837158203125 164.615631103515625 171.7362518310546875 181.757537841796875 174.6752166748046875 168.3779449462890625 165.9881439208984375 167.4254608154296875 164.3179168701171875 159.7111358642578125 143.7336578369140625 125.22536468505859375 133.380279541015625 167.294036865234375
-9999 -9999 -9999 -9999 -9999 -9999 -9999 -9999 -9999 -9999 -9999 -9999 -9999 -9999 -9999 -9999 -9999 -9999 -9999 -9999 -9999 -9999 -9999 141.848052978515625 176.5622711181640625 173.2906646728515625 110.13655853271484375 88.99674224853515625 97.9002227783203125 141.4652557373046875 179.7126007080078125 171.501678466796875 163.2097625732421875 174.1834716796875 179.273193359375 175.7775421142578125 174.162200927734375 162.3705596923828125 159.2187042236328125 164.261505126953125 164.6687469482421875 154.97991943359375 135.6922454833984375 118.47714996337890625 192.8474884033203125
-9999 -9999 -9999 -9999 -9999 -9999 -9999 -9999 -9999 -9999 -9999 -9999 -9999 -9999 -9999 -9999 -9999 -9999 -9999 -9999 -9999 -9999 -9999 -9999 -9999 -9999 -9999 84.31516265869140625 82.16579437255859375 111.46662139892578125 150.2068634033203125 151.2608489990234375 159.4957427978515625 184.572906494140625 182.42315673828125 173.9046783447265625 171.87188720703125 159.319122314453125 154.301666259765625 163.9444580078125 170.7639617919921875 164.18463134765625 151.304443359375 29.186502456665039062 289.233612060546875
