Forest_LCP_Outputs/canopy_cover.asc
ncols        250
nrows        253
xllcorner    -2044817.845419629943
yllcorner    2022214.475814298494
cellsize     26.855736874859
NODATA_value 0
[rows 95 to 113 of 253, columns 129 to 171 of 250]
1.0569747686386108398 1.8079601526260375977 2.6932773590087890625 1.0895631313323974609 2.8638617992401123047 1.6817793846130371094 2.8827521800994873047 1.7936351299285888672 1.5958812236785888672 1.7873296737670898438 0.94289827346801757812 1.5922373533248901367 0.76917344331741333008 1.4012984643248170709e-45 1.4012984643248170709e-45 1.4012984643248170709e-45 4.1568479537963867188 3.8297822475433349609 0.57879728078842163086 1.4012984643248170709e-45 1.4012984643248170709e-45 1.2843332290649414062 2.5231738090515136719 1.7014610767364501953 1.616455078125 2.1963021755218505859 0.70352292060852050781 0.4877459406852722168 2.2877569198608398438 1.3376495838165283203 1.3716627359390258789 1.4012984643248170709e-45 1.4012984643248170709e-45 1.4012984643248170709e-45 0.53293424844741821289 0.87388157844543457031 0.1331889033317565918 0.76676964759826660156 0.55546903610229492188 1.6898674964904785156 1.4012984643248170709e-45 1.4012984643248170709e-45 1.4012984643248170709e-45
1.0167727470397949219 1.8907271623611450195 2.4613680839538574219 1.8394474983215332031 1.0536192655563354492 1.7456943988800048828 2.9082014560699462891 0.93883955478668212891 3.1836240291595458984 1.461185455322265625 0.067750923335552215576 0.37718513607978820801 0.21193350851535797119 0.042697153985500335693 0.40225949883460998535 0.34694042801856994629 1.6738744974136352539 1.1420588493347167969 1.4012984643248170709e-45 1.4012984643248170709e-45 1.4012984643248170709e-45 1.9552547931671142578 2.4764616489410400391 1.2099746465682983398 2.7357168197631835938 1.1943678855895996094 0.37000980973243713379 1.4012984643248170709e-45 1.4012984643248170709e-45 0.36546775698661804199 0.29082575440406799316 0.012985301204025745392 1.4012984643248170709e-45 1.4012984643248170709e-45 0.56969928741455078125 1.0818971395492553711 0.074378892779350280762 0.57756340503692626953 0.02445331960916519165 0.21758280694484710693 1.4012984643248170709e-45 1.4012984643248170709e-45 1.4012984643248170709e-45
1.5507897138595581055 2.3910083770751953125 1.4890269041061401367 0.92760366201400756836 0.85520637035369873047 1.9687561988830566406 2.2097134590148925781 1.2580921649932861328 2.3395245075225830078 0.033372614532709121704 0.34670022130012512207 0.45687854290008544922 1.3343628644943237305 0.19584526121616363525 0.47253108024597167969 0.47830888628959655762 0.52762776613235473633 0.051520686596632003784 1.4012984643248170709e-45 1.4012984643248170709e-45 0.12399932742118835449 0.95951330661773681641 0.78230518102645874023 1.229043126106262207 1.474295496940612793 0.25419846177101135254 0.13649667799472808838 1.4012984643248170709e-45 0.50847661495208740234 1.0170332193374633789 0.13859507441520690918 1.4043822288513183594 0.08992125093936920166 0.82218450307846069336 0.23860676586627960205 0.33654955029487609863 1.4012984643248170709e-45 1.4012984643248170709e-45 1.4012984643248170709e-45 1.4012984643248170709e-45 1.4012984643248170709e-45 1.4012984643248170709e-45 1.4012984643248170709e-45
1.8548994064331054688 2.5126898288726806641 2.1395647525787353516 0.50278383493423461914 2.1456854343414306641 1.4893380403518676758 1.271437525749206543 2.0148017406463623047 0.74770981073379516602 1.49716949462890625 1.4454611539840698242 1.4145400524139404297 1.1064373254776000977 1.4012984643248170709e-45 0.29028090834617614746 0.24478901922702789307 1.347687840461730957 0.89527863264083862305 1.4012984643248170709e-45 0.20191484689712524414 0.57749319076538085938 1.4012984643248170709e-45 0.24299541115760803223 0.31967660784721374512 0.30951473116874694824 1.4012984643248170709e-45 1.4012984643248170709e-45 0.26819893717765808105 1.5694558620452880859 0.39840871095657348633 0.17189480364322662354 1.0879259109497070312 0.8553702235221862793 1.5163365602493286133 0.86398857831954956055 0.96692746877670288086 0.16725672781467437744 1.4012984643248170709e-45 1.4012984643248170709e-45 1.4012984643248170709e-45 1.4012984643248170709e-45 1.4012984643248170709e-45 0.74713528156280517578
2.2159659862518310547 1.6496618986129760742 1.8998087644577026367 0.0061045456677675247192 1.0845543146133422852 2.1737446784973144531 1.2348568439483642578 2.0803515911102294922 2.2114093303680419922 2.9524335861206054688 3.4022431373596191406 2.0749330520629882812 0.29586020112037658691 1.4012984643248170709e-45 0.10381034016609191895 0.19940678775310516357 1.9962215423583984375 0.91662800312042236328 1.4012984643248170709e-45 1.1244579553604125977 1.0302090644836425781 0.62289816141128540039 0.86616915464401245117 0.18339517712593078613 0.9516150355339050293 0.28880748152732849121 0.38722369074821472168 0.72845429182052612305 0.56515932083129882812 1.4012984643248170709e-45 1.4012984643248170709e-45 0.0078948419541120529175 0.30159291625022888184 0.30415368080139160156 2.0857112407684326172 1.2284846305847167969 0.022057317197322845459 1.4012984643248170709e-45 0.00092124717775732278824 1.4012984643248170709e-45 1.4012984643248170709e-45 1.4012984643248170709e-45 1.310830235481262207
1.3786913156509399414 2.3718323707580566406 1.815606236457824707 0.50783532857894897461 1.0914217233657836914 2.6825990676879882812 1.8422206640243530273 1.8360520601272583008 1.3233745098114013672 1.0195689201354980469 2.2093865871429443359 1.1155114173889160156 0.69521272182464599609 0.075008109211921691895 0.026195812970399856567 0.35657227039337158203 0.66478037834167480469 0.079613111913204193115 0.16169193387031555176 1.6186944246292114258 0.42802140116691589355 1.3436646461486816406 0.73862636089324951172 0.14249302446842193604 1.1737357378005981445 1.6224116086959838867 1.2133020162582397461 1.1800091266632080078 0.91642093658447265625 0.060298506170511245728 1.4012984643248170709e-45 1.4012984643248170709e-45 1.4012984643248170709e-45 0.077768079936504364014 1.758662104606628418 0.47469943761825561523 1.4012984643248170709e-45 1.4012984643248170709e-45 0.33288887143135070801 0.67038112878799438477 0.17690365016460418701 0.42500573396682739258 0.77688366174697875977
1.4359716176986694336 2.4259471893310546875 2.5018048286437988281 1.4374216794967651367 0.74992960691452026367 1.6370120048522949219 0.67876529693603515625 2.1906528472900390625 1.3358606100082397461 0.78870576620101928711 0.55623084306716918945 1.4935337305068969727 1.3480128049850463867 0.95443683862686157227 0.70545285940170288086 0.74099791049957275391 0.65677118301391601562 0.31326720118522644043 1.6235891580581665039 2.164630889892578125 1.4012984643248170709e-45 0.55585157871246337891 1.6014277935028076172 0.7086321711540222168 1.5446093082427978516 2.5379846096038818359 1.2115062475204467773 0.73945897817611694336 0.33358857035636901855 0.016400221735239028931 0.10164445638656616211 1.4012984643248170709e-45 0.0086756246164441108704 0.16441388428211212158 0.45004996657371520996 0.20436194539070129395 1.4012984643248170709e-45 1.4012984643248170709e-45 0.82124680280685424805 1.2348090410232543945 0.12804493308067321777 3.5199930667877197266 0.025609856471419334412
1.2395600080490112305 1.3876091241836547852 1.8483829498291015625 2.8129110336303710938 0.66189807653427124023 0.26630568504333496094 1.2668583393096923828 0.93543982505798339844 2.7395052909851074219 2.3063700199127197266 1.007784724235534668 1.6929932832717895508 0.75178307294845581055 1.5585253238677978516 0.65617513656616210938 2.3332581520080566406 1.9446382522583007812 1.8195749521255493164 1.9722886085510253906 1.158610224723815918 1.4012984643248170709e-45 0.39382249116897583008 0.71425598859786987305 0.39277136325836181641 1.377535700798034668 0.73063260316848754883 0.17252472043037414551 0.58286756277084350586 0.13428826630115509033 0.91820961236953735352 0.55674207210540771484 1.4012984643248170709e-45 1.4012984643248170709e-45 1.4012984643248170709e-45 0.052448630332946777344 0.11538655310869216919 1.4012984643248170709e-45 1.4012984643248170709e-45 1.5368725061416625977 0.22211289405822753906 0.56980979442596435547 3.1110575199127197266 1.1541198492050170898
1.5901381969451904297 2.1780571937561035156 2.3036394119262695312 2.4191639423370361328 0.84303450584411621094 1.765776515007019043 2.6705241203308105469 0.46951860189437866211 1.9535193443298339844 1.3068658113479614258 0.80058711767196655273 2.0796926021575927734 1.2900563478469848633 0.78053641319274902344 1.1581060886383056641 2.0097796916961669922 1.9253606796264648438 1.2219507694244384766 1.1555066108703613281 0.52567249536514282227 0.28397256135940551758 1.3824508190155029297 1.4366946220397949219 0.55601251125335693359 0.36077210307121276855 0.052740100771188735962 0.18895560503005981445 1.1449806690216064453 1.7544314861297607422 2.5157933235168457031 1.0982258319854736328 1.4012984643248170709e-45 1.4012984643248170709e-45 0.68617284297943115234 0.095057725906372070312 0.83357042074203491211 1.4012984643248170709e-45 0.56034439802169799805 1.9103295803070068359 1.4012984643248170709e-45 0.45097842812538146973 1.454456329345703125 1.4450423717498779297
1.2358343601226806641 1.0493384599685668945 1.2779067754745483398 1.3585963249206542969 1.4933966398239135742 2.148895263671875 2.4718534946441650391 0.98242467641830444336 1.0696666240692138672 0.075677849352359771729 1.0466057062149047852 1.199122309684753418 1.017360687255859375 0.31968778371810913086 0.95469850301742553711 1.0791308879852294922 1.8430920839309692383 0.90693908929824829102 1.8679816722869873047 1.0946085453033447266 2.0028445720672607422 4.0532894134521484375 2.122615814208984375 1.3500124216079711914 0.83098620176315307617 0.37688326835632324219 0.50870084762573242188 1.5970047712326049805 2.1812188625335693359 1.2545342445373535156 0.22169665992259979248 1.4012984643248170709e-45 0.057831641286611557007 2.0011248588562011719 0.79908680915832519531 1.622179865837097168 0.2771371304988861084 1.677998661994934082 1.3068077564239501953 1.4012984643248170709e-45 1.4012984643248170709e-45 1.4012984643248170709e-45 0.40927809476852416992
1.1439709663391113281 0.99424546957015991211 1.4959405660629272461 1.7168421745300292969 2.7597146034240722656 1.309902191162109375 1.6467130184173583984 1.5220121145248413086 1.9942643642425537109 0.59302729368209838867 0.79124987125396728516 1.2522290945053100586 1.0395221710205078125 0.55822169780731201172 0.33828338980674743652 0.34814995527267456055 1.3451366424560546875 0.7433236241340637207 0.93584161996841430664 2.1909542083740234375 2.9586923122406005859 2.8544790744781494141 1.5400342941284179688 2.6283831596374511719 2.1283202171325683594 0.53864330053329467773 0.37002888321876525879 0.31280013918876647949 0.53325086832046508789 1.4012984643248170709e-45 1.4012984643248170709e-45 0.039784707129001617432 0.18438650667667388916 0.56274282932281494141 0.73115760087966918945 0.88214528560638427734 0.51479887962341308594 3.124759674072265625 0.63176256418228149414 1.4012984643248170709e-45 1.980824589729309082 0.17835465073585510254 0.52803206443786621094
2.9543218612670898438 2.3203575611114501953 2.2863264083862304688 0.93659603595733642578 2.3993051052093505859 0.58639991283416748047 0.97516709566116333008 1.6852595806121826172 1.7632256746292114258 2.0709710121154785156 0.90997648239135742188 1.4952553510665893555 0.78330391645431518555 2.1773912906646728516 0.60607367753982543945 0.5581512451171875 0.30387520790100097656 0.68146276473999023438 0.44556447863578796387 1.2016824483871459961 2.4540030956268310547 2.1438539028167724609 2.4908058643341064453 2.2515358924865722656 0.92641806602478027344 0.034413244575262069702 0.46154814958572387695 1.4012984643248170709e-45 0.0044398712925612926483 1.4012984643248170709e-45 0.24362766742706298828 0.58986634016036987305 0.27200034260749816895 1.4012984643248170709e-45 1.4012984643248170709e-45 1.5181852579116821289 0.15907679498195648193 1.3652387857437133789 1.4012984643248170709e-45 0.67738616466522216797 2.6057379245758056641 0.95635104179382324219 1.8756229877471923828
1.8199423551559448242 2.3987431526184082031 1.7192280292510986328 2.1143424510955810547 1.7053725719451904297 1.2640510797500610352 1.7546027898788452148 1.3676102161407470703 1.52632904052734375 1.478473663330078125 1.1668580770492553711 0.043245714157819747925 0.25563797354698181152 2.4816060066223144531 1.1441836357116699219 0.74407601356506347656 1.4000108242034912109 1.886675715446472168 0.53283655643463134766 0.15264852344989776611 2.6069912910461425781 3.1942286491394042969 3.9552218914031982422 2.0650663375854492188 0.36190882325172424316 0.42385140061378479004 0.85533618927001953125 0.031596984714269638062 0.82242363691329956055 1.1178350448608398438 1.2094987630844116211 1.7797064781188964844 0.68312507867813110352 1.6902215480804443359 0.19516642391681671143 3.3716182708740234375 0.029517663642764091492 1.4012984643248170709e-45 1.4012984643248170709e-45 0.091073364019393920898 0.38395574688911437988 1.7132780551910400391 2.5961313247680664062
1.8111484050750732422 1.6890718936920166016 3.9251093864440917969 5.1384758949279785156 2.26477813720703125 2.7672393321990966797 1.7396326065063476562 0.95653289556503295898 2.2160611152648925781 0.699710845947265625 1.9506537914276123047 0.54878222942352294922 0.79854005575180053711 1.7053396701812744141 0.87179303169250488281 0.57137143611907958984 1.9974383115768432617 1.4046235084533691406 2.4985151290893554688 0.51935619115829467773 0.9809615015983581543 2.7918581962585449219 2.8576805591583251953 2.0418708324432373047 2.0742547512054443359 0.89561235904693603516 0.37398281693458557129 0.80292606353759765625 1.8241635560989379883 2.5468029975891113281 1.768700718879699707 2.4483351707458496094 4.4507770538330078125 2.4630320072174072266 0.34492209553718566895 1.1179735660552978516 0.56354224681854248047 0.50788271427154541016 0.061261363327503204346 1.4012984643248170709e-45 1.4012984643248170709e-45 1.1082612276077270508 1.5351003408432006836
2.4795169830322265625 1.6496621370315551758 3.2884566783905029297 4.6633944511413574219 3.9199881553649902344 2.1184201240539550781 2.2276864051818847656 2.1438906192779541016 2.4702847003936767578 2.3312273025512695312 2.7778160572052001953 1.5673209428787231445 1.9053419828414916992 1.4925010204315185547 1.4961580038070678711 0.83024322986602783203 1.2971380949020385742 1.9195326566696166992 3.1344168186187744141 1.3669523000717163086 0.95939099788665771484 1.6138331890106201172 1.4405407905578613281 2.535892486572265625 3.0806400775909423828 1.1764662265777587891 0.067593045532703399658 1.5730918645858764648 0.80206674337387084961 2.3632652759552001953 1.9510500431060791016 2.1735568046569824219 3.9677050113677978516 1.2968879938125610352 0.33609318733215332031 1.4431215524673461914 2.27386474609375 1.7820477485656738281 0.030180778354406356812 0.015828847885131835938 1.4012984643248170709e-45 0.056610111147165298462 0.47094553709030151367
2.5451667308807373047 1.8632953166961669922 4.0052881240844726562 2.9055745601654052734 3.4976389408111572266 1.3871108293533325195 2.0540332794189453125 1.8463982343673706055 2.4039263725280761719 2.531036376953125 4.0601916313171386719 2.2946925163269042969 2.4583342075347900391 1.9801326990127563477 3.5159289836883544922 1.8244507312774658203 1.3720420598983764648 2.6542012691497802734 2.462566375732421875 1.6020094156265258789 1.2411721944808959961 0.94777476787567138672 3.0461592674255371094 1.8576374053955078125 1.4701353311538696289 1.7733534574508666992 0.56940835714340209961 1.5617033243179321289 0.64590537548065185547 0.94505357742309570312 0.54034745693206787109 0.96795171499252319336 1.3623298406600952148 0.75838041305541992188 1.7865198850631713867 1.3192794322967529297 2.1781809329986572266 2.6718614101409912109 0.046778254210948944092 0.64101552963256835938 0.8171488642692565918 1.4012984643248170709e-45 0.095126792788505554199
2.8256125450134277344 3.5921998023986816406 2.5367984771728515625 1.40802764892578125 2.2982940673828125 1.5480581521987915039 2.0884063243865966797 1.4326014518737792969 1.5696390867233276367 0.88435077667236328125 3.4816148281097412109 1.4913197755813598633 1.5459241867065429688 3.1166055202484130859 4.0863714218139648438 2.7621655464172363281 1.6917135715484619141 2.1038234233856201172 2.5149478912353515625 1.5621951818466186523 2.6516218185424804688 2.9443933963775634766 4.19550323486328125 2.6066076755523681641 1.0409154891967773438 1.9104051589965820312 2.1826975345611572266 2.4155011177062988281 1.848846435546875 2.1617412567138671875 1.5148273706436157227 1.9034490585327148438 1.1561132669448852539 0.86635583639144897461 2.8742837905883789062 0.95061570405960083008 1.7510968446731567383 1.8794243335723876953 0.22664344310760498047 0.84893387556076049805 0.50000864267349243164 1.4012984643248170709e-45 1.4012984643248170709e-45
1.7835001945495605469 2.4395809173583984375 1.9463973045349121094 1.4332959651947021484 2.2747621536254882812 0.93964678049087524414 2.1967556476593017578 1.3172401189804077148 2.4073119163513183594 1.2364138364791870117 2.3182365894317626953 1.0568145513534545898 1.4381936788558959961 2.0084564685821533203 2.9583945274353027344 2.9847636222839355469 1.3645900487899780273 0.85408359766006469727 1.7017139196395874023 1.1159200668334960938 2.7131452560424804688 3.5063111782073974609 2.1524424552917480469 1.885228276252746582 1.4073721170425415039 2.3095374107360839844 2.7260365486145019531 2.6980295181274414062 1.3580930233001708984 2.0984966754913330078 2.9822161197662353516 2.3457827568054199219 1.5924752950668334961 1.6191909313201904297 2.4020326137542724609 2.1512689590454101562 2.3597245216369628906 2.3204720020294189453 1.7085547447204589844 1.1224251985549926758 1.6596291065216064453 0.00456366734579205513 0.00034924459760077297688
1.0394591093063354492 1.8238185644149780273 1.6669553518295288086 1.1461585760116577148 1.5784622430801391602 3.0939357280731201172 2.0614686012268066406 1.330300450325012207 1.9376789331436157227 1.7593020200729370117 1.7808388471603393555 1.4632385969161987305 1.3622272014617919922 1.0330899953842163086 2.8072023391723632812 2.7157871723175048828 1.9391338825225830078 1.1743721961975097656 1.4047439098358154297 1.1599743366241455078 1.4637225866317749023 1.8955107927322387695 2.0056490898132324219 2.9463853836059570312 1.9947960376739501953 2.6704313755035400391 1.9877681732177734375 2.71678924560546875 1.45662689208984375 1.7458778619766235352 2.2398359775543212891 2.06211090087890625 1.9150159358978271484 1.5071734189987182617 2.0498228073120117188 1.7497069835662841797 3.5915033817291259766 2.9816687107086181641 1.5556432008743286133 2.1938316822052001953 3.1632649898529052734 0.10284060239791870117 0.39732539653778076172
