Forest_LCP_Outputs/canopy_base_height.asc
ncols        250
nrows        253
xllcorner    -2044817.845419629943
yllcorner    2022214.475814298494
cellsize     26.855736874859
NODATA_value 0
[rows 95 to 113 of 253, columns 86 to 128 of 250]
6.512081146240234375 6.850170135498046875 4.4622106552124023438 6.5543379783630371094 10.788633346557617188 5.8125824928283691406 5.6117677688598632812 5.8392615318298339844 3.0308790206909179688 4.2038631439208984375 8.7381544113159179688 5.960071563720703125 8.8899869918823242188 5.942455291748046875 5.2574572563171386719 8.6205291748046875 7.2218022346496582031 9.4496822357177734375 9.2001638412475585938 6.0077137947082519531 9.026958465576171875 5.9834275245666503906 5.7509517669677734375 9.812526702880859375 4.6996068954467773438 8.768878936767578125 3.6834785938262939453 5.0214753150939941406 7.9938988685607910156 6.3808493614196777344 8.2547559738159179688 7.3420934677124023438 5.7702059745788574219 5.4670157432556152344 10.905310630798339844 10.356692314147949219 5.8695759773254394531 1.4768524169921875 6.1323714256286621094 9.7950677871704101562 10.64948272705078125 7.5158824920654296875 5.44007110595703125
4.3351464271545410156 3.8266723155975341797 3.825634002685546875 4.4756498336791992188 8.7435922622680664062 4.119373321533203125 9.3622941970825195312 6.4320521354675292969 5.6148142814636230469 3.594268798828125 9.79317474365234375 3.5733685493469238281 8.6977548599243164062 7.1728806495666503906 6.0463342666625976562 8.3481416702270507812 6.3042078018188476562 6.8644289970397949219 4.3953113555908203125 5.6917347908020019531 7.4227399826049804688 4.7697000503540039062 5.2381129264831542969 7.0000195503234863281 5.2004857063293457031 8.6338338851928710938 9.3286161422729492188 7.27129364013671875 5.7623357772827148438 8.3576726913452148438 11.205180168151855469 8.1445665359497070312 4.5958585739135742188 3.2901184558868408203 13.533864021301269531 3.4346797466278076172 2.9300363063812255859 4.6416602134704589844 3.9242217540740966797 6.2562756538391113281 10.002909660339355469 8.5576868057250976562 2.4476180076599121094
4.466678619384765625 4.6401410102844238281 5.0432586669921875 5.4860167503356933594 9.9093751907348632812 4.3060669898986816406 12.65229034423828125 5.8369836807250976562 3.9149413108825683594 6.5343203544616699219 5.8066792488098144531 6.2654862403869628906 6.8003849983215332031 6.1997504234313964844 7.2741274833679199219 5.0421142578125 3.6360356807708740234 3.9354374408721923828 4.7144069671630859375 6.4801115989685058594 5.5302529335021972656 3.7707118988037109375 6.3770918846130371094 5.2323017120361328125 4.4452738761901855469 7.6061086654663085938 8.2720823287963867188 6.7957315444946289062 5.9361162185668945312 4.7915248870849609375 9.0971155166625976562 6.2341279983520507812 5.0645861625671386719 4.2943239212036132812 9.7496671676635742188 5.5039877891540527344 4.6081252098083496094 8.8625926971435546875 4.63022613525390625 4.9935779571533203125 6.5993776321411132812 4.0894403457641601562 1.5263957977294921875
3.9995748996734619141 7.2818012237548828125 5.1154046058654785156 4.8738269805908203125 13.443815231323242188 5.7340173721313476562 7.6727519035339355469 4.2401051521301269531 3.4749209880828857422 7.676021575927734375 7.1255655288696289062 6.4733862876892089844 4.1332855224609375 5.147518157958984375 10.172209739685058594 1.5351885557174682617 3.9654164314270019531 2.81478118896484375 4.2532825469970703125 6.6051564216613769531 7.4082345962524414062 7.3986105918884277344 7.0212655067443847656 4.7816038131713867188 4.5466609001159667969 7.3163967132568359375 3.2197830677032470703 6.9513792991638183594 8.0644464492797851562 4.3872785568237304688 8.2900104522705078125 5.7210063934326171875 6.3531079292297363281 4.0865879058837890625 6.4957509040832519531 7.5471010208129882812 5.9052791595458984375 9.0983648300170898438 7.4536504745483398438 6.0378522872924804688 8.8074369430541992188 4.1338133811950683594 4.6981244087219238281
1.7987040281295776367 10.711139678955078125 9.6235723495483398438 3.9813077449798583984 11.418164253234863281 8.2081813812255859375 4.1754803657531738281 3.5740110874176025391 5.6551032066345214844 7.4602108001708984375 9.5420932769775390625 8.48622894287109375 6.3920722007751464844 9.7857875823974609375 7.5732302665710449219 3.7356364727020263672 6.6263875961303710938 2.6920676231384277344 1.6591074466705322266 8.3674116134643554688 7.2703633308410644531 6.3671407699584960938 11.303457260131835938 2.5266537666320800781 7.7744159698486328125 5.5051898956298828125 2.0483136177062988281 5.7975592613220214844 9.2211675643920898438 5.2238206863403320312 5.6707172393798828125 8.0636453628540039062 6.6351404190063476562 4.918743133544921875 5.9828839302062988281 5.3560996055603027344 3.8727509975433349609 4.3347001075744628906 8.8237504959106445312 8.13658905029296875 8.5756921768188476562 6.8672113418579101562 9.730255126953125
4.30585479736328125 7.6452741622924804688 5.9872059822082519531 4.5572834014892578125 7.7355580329895019531 9.6950597763061523438 6.1280627250671386719 5.1220555305480957031 7.2103509902954101562 7.2908535003662109375 6.4224839210510253906 7.9439978599548339844 9.818332672119140625 10.470005989074707031 7.8771424293518066406 8.5533161163330078125 5.9043440818786621094 2.4896845817565917969 3.4237661361694335938 10.315912246704101562 7.6207451820373535156 4.6389203071594238281 13.853961944580078125 5.7207975387573242188 10.69956207275390625 7.7991271018981933594 3.5595071315765380859 5.376033782958984375 9.6455945968627929688 6.3995890617370605469 5.2912650108337402344 5.5934176445007324219 5.9874134063720703125 6.4958577156066894531 2.6909260749816894531 2.5915431976318359375 4.0288820266723632812 3.7641878128051757812 6.5575518608093261719 5.9413890838623046875 5.103321075439453125 9.2924041748046875 6.5670552253723144531
8.1150836944580078125 4.8630118370056152344 6.0936226844787597656 3.8331127166748046875 6.9764165878295898438 5.3924727439880371094 6.4163866043090820312 5.69854736328125 5.8230962753295898438 8.16222381591796875 7.0723052024841308594 7.0550103187561035156 8.9957685470581054688 8.115795135498046875 7.1925358772277832031 8.524860382080078125 2.8587536811828613281 4.390888214111328125 9.6930103302001953125 5.1347570419311523438 9.03499603271484375 5.7916059494018554688 7.7650842666625976562 3.9943766593933105469 6.5350956916809082031 8.2734279632568359375 6.0298504829406738281 5.5177893638610839844 8.9567384719848632812 3.1340188980102539062 4.0886278152465820312 3.1018848419189453125 7.7786111831665039062 9.4008350372314453125 3.6535654067993164062 2.7335083484649658203 7.7986116409301757812 3.1217341423034667969 5.8700742721557617188 1.0462911128997802734 7.423793792724609375 9.564746856689453125 2.6697914600372314453
7.5543675422668457031 6.4454259872436523438 7.8090348243713378906 2.2764842510223388672 8.1897573471069335938 6.5715184211730957031 8.4915266036987304688 5.6403341293334960938 6.449405670166015625 6.8862166404724121094 5.0369515419006347656 6.6375432014465332031 6.4768323898315429688 5.5794253349304199219 4.1684689521789550781 7.4914493560791015625 3.5832285881042480469 7.4366245269775390625 6.4077992439270019531 6.93335723876953125 8.9505910873413085938 4.916595458984375 3.2982785701751708984 1.1953616142272949219 4.0029053688049316406 7.9959630966186523438 8.0357265472412109375 7.9307866096496582031 4.0103302001953125 1.737323760986328125 3.0892064571380615234 4.1917943954467773438 7.1646523475646972656 9.8632049560546875 3.0438868999481201172 4.0908331871032714844 7.9189648628234863281 1.5732117891311645508 3.7396855354309082031 5.881015777587890625 8.7353582382202148438 9.7974824905395507812 4.9677114486694335938
5.534755706787109375 4.9265294075012207031 6.6569309234619140625 4.9776515960693359375 5.7192907333374023438 9.1255550384521484375 8.3497114181518554688 9.2772855758666992188 9.159847259521484375 3.5405271053314208984 3.2449991703033447266 8.6972360610961914062 2.9131453037261962891 8.6360988616943359375 6.2615103721618652344 7.292606353759765625 5.8204407691955566406 6.0923357009887695312 4.8542380332946777344 9.4515094757080078125 4.9574956893920898438 5.3507871627807617188 5.1559901237487792969 3.3420157432556152344 5.6012568473815917969 7.218235015869140625 8.5525789260864257812 9.9046201705932617188 8.33814239501953125 4.759212493896484375 2.8951344490051269531 5.8817434310913085938 11.341871261596679688 6.9096875190734863281 3.0548994541168212891 8.3233098983764648438 7.0556569099426269531 5.0518679618835449219 6.3346958160400390625 10.600605964660644531 7.7713537216186523438 8.2364778518676757812 3.7502596378326416016
5.1883196830749511719 5.3881902694702148438 8.73786163330078125 5.3019242286682128906 5.2172961235046386719 9.9278507232666015625 6.7091479301452636719 9.4999523162841796875 8.1134252548217773438 6.0286760330200195312 6.3354816436767578125 8.442089080810546875 4.4445714950561523438 7.840667724609375 7.3721346855163574219 6.0179300308227539062 4.4917654991149902344 9.0691623687744140625 6.3432087898254394531 8.5488147735595703125 4.4259328842163085938 9.8033618927001953125 5.5349659919738769531 5.0946598052978515625 5.6277594566345214844 8.5261945724487304688 6.9569463729858398438 10.437452316284179688 10.313284873962402344 7.1703538894653320312 3.3681635856628417969 6.4057612419128417969 7.7926311492919921875 2.8452970981597900391 4.9541649818420410156 5.7561864852905273438 6.9311437606811523438 9.5394105911254882812 6.6111826896667480469 11.153768539428710938 5.5913558006286621094 6.5904893875122070312 3.2745451927185058594
8.6958913803100585938 7.7972617149353027344 11.874428749084472656 2.761409759521484375 8.0304775238037109375 7.0714421272277832031 9.6261081695556640625 8.89783477783203125 9.5264692306518554688 7.0557522773742675781 5.5804553031921386719 8.6947908401489257812 5.4592180252075195312 3.6041052341461181641 4.182422637939453125 6.5469965934753417969 1.9877996444702148438 6.9732427597045898438 7.6710233688354492188 10.667062759399414062 11.661457061767578125 9.5558576583862304688 5.8210506439208984375 4.5022344589233398438 5.2677826881408691406 7.7557072639465332031 5.5165696144104003906 9.79418182373046875 8.347118377685546875 6.4959306716918945312 7.1348958015441894531 2.585231781005859375 3.9207911491394042969 4.4716544151306152344 4.1853513717651367188 5.5877084732055664062 5.3763427734375 9.6140794754028320312 3.3501880168914794922 11.599225044250488281 5.928691864013671875 5.5978188514709472656 6.3538618087768554688
4.9623179435729980469 3.4518446922302246094 9.056461334228515625 2.2890865802764892578 7.6176099777221679688 5.9932470321655273438 7.8402452468872070312 9.9391756057739257812 6.4819521903991699219 4.0976314544677734375 3.0983557701110839844 5.7806134223937988281 3.7046678066253662109 3.2170040607452392578 5.4232158660888671875 7.4331560134887695312 2.0422992706298828125 4.4634613990783691406 7.2059640884399414062 9.74265289306640625 10.849249839782714844 9.06624603271484375 7.6911854743957519531 3.44146728515625 7.5184550285339355469 6.5552682876586914062 6.6954369544982910156 10.224560737609863281 9.5752038955688476562 5.0086712837219238281 7.5678043365478515625 3.2305898666381835938 11.205351829528808594 7.3692293167114257812 9.432025909423828125 7.1266345977783203125 5.5236697196960449219 4.6518526077270507812 4.6988358497619628906 9.5545091629028320312 5.3700227737426757812 6.4575705528259277344 9.4907054901123046875
4.4070959091186523438 3.8186330795288085938 3.6651422977447509766 5.5101070404052734375 9.4919099807739257812 8.749481201171875 9.3044786453247070312 9.6473340988159179688 6.2533850669860839844 7.4475994110107421875 3.7926990985870361328 5.0291285514831542969 5.871479034423828125 5.4266152381896972656 7.1250720024108886719 6.7624292373657226562 2.6754701137542724609 5.3121404647827148438 4.9613494873046875 4.44786834716796875 12.208598136901855469 9.4111013412475585938 6.1264843940734863281 6.2482028007507324219 4.4644031524658203125 6.6530117988586425781 9.0915470123291015625 5.6355838775634765625 5.2391901016235351562 5.8802938461303710938 10.026384353637695312 3.2688710689544677734 10.804529190063476562 6.8425250053405761719 6.8256120681762695312 6.179813385009765625 8.2113409042358398438 3.3833065032958984375 6.0320334434509277344 6.9212388992309570312 5.986255645751953125 5.5605292320251464844 4.5566930770874023438
6.4801626205444335938 6.3005480766296386719 4.4856014251708984375 4.3111500740051269531 4.5344967842102050781 5.2457461357116699219 8.039531707763671875 11.078766822814941406 8.0155992507934570312 8.325626373291015625 8.0772190093994140625 6.80558013916015625 6.0143418312072753906 6.4717378616333007812 9.0726318359375 4.2514853477478027344 3.5775010585784912109 6.1237668991088867188 6.8124971389770507812 2.0211913585662841797 9.919952392578125 5.62302398681640625 7.915203094482421875 8.2614192962646484375 7.3347730636596679688 8.7243480682373046875 11.520099639892578125 3.5580925941467285156 5.4210200309753417969 8.344615936279296875 7.6785717010498046875 2.8297469615936279297 3.8707797527313232422 3.4989118576049804688 4.2006673812866210938 6.49515533447265625 7.7657079696655273438 8.482700347900390625 5.3900160789489746094 6.6163535118103027344 10.542761802673339844 5.5295901298522949219 5.3757748603820800781
4.69234466552734375 5.22595977783203125 6.7754130363464355469 3.340373992919921875 8.16070556640625 4.5670194625854492188 6.87236785888671875 9.35459136962890625 10.287569046020507812 9.3379974365234375 6.7354416847229003906 5.8253130912780761719 8.6002073287963867188 10.785834312438964844 8.1040058135986328125 4.0066385269165039062 7.4659633636474609375 10.205652236938476562 8.9942836761474609375 6.2818398475646972656 6.597377777099609375 5.8677039146423339844 9.5946865081787109375 7.6008191108703613281 8.7819509506225585938 4.2785801887512207031 9.517749786376953125 5.7713274955749511719 6.577724456787109375 7.1295895576477050781 5.9367079734802246094 4.4937148094177246094 6.0082445144653320312 3.2775683403015136719 8.1286249160766601562 8.420261383056640625 7.891246795654296875 11.377676963806152344 2.6140551567077636719 9.6222381591796875 7.1581130027770996094 7.8292946815490722656 9.6408071517944335938
2.8469288349151611328 2.6822912693023681641 7.0276494026184082031 3.61492919921875 7.3652639389038085938 6.3829169273376464844 8.5936574935913085938 7.1350283622741699219 5.7332577705383300781 7.9442849159240722656 6.0134439468383789062 5.3455128669738769531 11.697172164916992188 10.663736343383789062 6.1550641059875488281 5.4362211227416992188 9.5517578125 9.2120189666748046875 10.004480361938476562 11.2337493896484375 7.5302901268005371094 6.7117314338684082031 5.1074666976928710938 3.5430452823638916016 7.0430636405944824219 5.5632452964782714844 9.8143510818481445312 6.8182053565979003906 6.1235523223876953125 5.0034704208374023438 7.30321502685546875 4.1088104248046875 7.4697413444519042969 2.8781890869140625 7.4461574554443359375 5.4519739151000976562 7.0749769210815429688 5.7100386619567871094 3.3071856498718261719 5.2098550796508789062 4.0802755355834960938 9.7847013473510742188 5.5901951789855957031
6.27140045166015625 2.4879872798919677734 6.1616072654724121094 6.2279224395751953125 5.5790438652038574219 6.4959115982055664062 10.756013870239257812 6.3332281112670898438 1.8409866094589233398 10.935445785522460938 9.6940765380859375 5.86132049560546875 6.8816442489624023438 7.2386021614074707031 4.4369630813598632812 2.7321920394897460938 6.8777041435241699219 3.5590002536773681641 9.7217226028442382812 7.7254595756530761719 5.2402253150939941406 5.5342016220092773438 3.825969696044921875 6.0826406478881835938 6.8336062431335449219 4.7359995841979980469 7.3990201950073242188 6.5491280555725097656 4.9417767524719238281 9.1660594940185546875 5.2978525161743164062 1.2456911802291870117 6.1343312263488769531 4.8006234169006347656 7.565464019775390625 5.1109294891357421875 5.5205712318420410156 3.0303142070770263672 2.4258260726928710938 2.4531922340393066406 2.2309172153472900391 11.88990020751953125 4.4275951385498046875
6.6786675453186035156 4.679279327392578125 9.1561708450317382812 5.557430267333984375 6.8156113624572753906 7.2080402374267578125 8.5917482376098632812 5.3420281410217285156 4.5726876258850097656 10.51767730712890625 7.6985845565795898438 5.2226681709289550781 5.8739457130432128906 5.7948565483093261719 6.7622656822204589844 2.4089779853820800781 8.5429086685180664062 4.2587919235229492188 6.1683497428894042969 10.375459671020507812 8.7877397537231445312 5.7448415756225585938 7.5864152908325195312 5.840366363525390625 3.9104192256927490234 2.9122445583343505859 4.2219419479370117188 8.6796751022338867188 6.7123546600341796875 7.880584716796875 4.43349456787109375 3.6897776126861572266 5.7744531631469726562 4.7058248519897460938 5.7123284339904785156 7.3353128433227539062 5.3031859397888183594 4.4250736236572265625 2.8363666534423828125 4.0925798416137695312 7.801021575927734375 10.417507171630859375 6.0394077301025390625
4.8838753700256347656 6.7147874832153320312 5.2617249488830566406 6.6201176643371582031 9.726287841796875 8.86794281005859375 7.3946380615234375 4.0559382438659667969 6.649837493896484375 6.4977698326110839844 7.2299304008483886719 8.8475198745727539062 8.2286319732666015625 10.273575782775878906 6.8551573753356933594 2.3546841144561767578 7.6269316673278808594 7.0514807701110839844 6.9211211204528808594 7.3880467414855957031 6.5414872169494628906 5.8696413040161132812 11.046495437622070312 7.1647977828979492188 6.0056748390197753906 2.8965711593627929688 3.3525915145874023438 9.9532480239868164062 9.4149255752563476562 7.0307984352111816406 4.7925658226013183594 3.5720782279968261719 4.9245734214782714844 15.336695671081542969 10.530757904052734375 5.7320570945739746094 6.6800360679626464844 9.8134279251098632812 6.6415171623229980469 9.6071624755859375 9.3439998626708984375 7.3324790000915527344 7.4516282081604003906
