Forest_LCP_Outputs/canopy_base_height.asc
ncols        250
nrows        253
xllcorner    -2044817.845419629943
yllcorner    2022214.475814298494
cellsize     26.855736874859
NODATA_value 0
[rows 114 to 132 of 253, columns 0 to 42 of 250]
0 0 0 0 0 0 0 0 0 0 0 0 0 0 0 0 0 0 0 0 0 0 0 1.4012984643248170709e-45 1.4012984643248170709e-45 1.4012984643248170709e-45 1.4012984643248170709e-45 1.4012984643248170709e-45 1.4012984643248170709e-45 1.4012984643248170709e-45 1.4012984643248170709e-45 1.4012984643248170709e-45 1.4012984643248170709e-45 1.4012984643248170709e-45 2.7922575473785400391 6.7286777496337890625 7.1185479164123535156 4.133556365966796875 10.636578559875488281 3.2909438610076904297 3.8674309253692626953 8.261016845703125 8.5921125411987304688
0 0 0 0 0 0 0 0 0 0 0 0 0 0 0 0 0 0 0 0 0 0 1.4012984643248170709e-45 1.4012984643248170709e-45 1.4012984643248170709e-45 1.4012984643248170709e-45 1.4012984643248170709e-45 1.4012984643248170709e-45 1.4012984643248170709e-45 1.4012984643248170709e-45 1.4012984643248170709e-45 1.4012984643248170709e-45 1.4012984643248170709e-45 1.4012984643248170709e-45 1.5521697998046875 3.3945209980010986328 3.5045175552368164062 4.3321819305419921875 11.59578704833984375 1.799962162971496582 6.5841112136840820312 10.309077262878417969 9.5049314498901367188
0 0 0 0 0 0 0 0 0 0 0 0 0 0 0 0 0 0 0 0 0 0 1.4012984643248170709e-45 1.4012984643248170709e-45 1.4012984643248170709e-45 1.4012984643248170709e-45 1.4012984643248170709e-45 1.4012984643248170709e-45 1.4012984643248170709e-45 1.4012984643248170709e-45 1.4012984643248170709e-45 1.4012984643248170709e-45 1.4012984643248170709e-45 1.4012984643248170709e-45 1.4012984643248170709e-45 0.93597519397735595703 4.3049931526184082031 9.7309064865112304688 6.7583498954772949219 3.8549287319183349609 6.9206662178039550781 10.372861862182617188 5.1887698173522949219
0 0 0 0 0 0 0 0 0 0 0 0 0 0 0 0 0 0 0 0 0 0 1.4012984643248170709e-45 1.4012984643248170709e-45 1.4012984643248170709e-45 1.4012984643248170709e-45 1.4012984643248170709e-45 1.4012984643248170709e-45 1.4012984643248170709e-45 1.4012984643248170709e-45 1.4012984643248170709e-45 1.4012984643248170709e-45 1.4012984643248170709e-45 1.4012984643248170709e-45 1.4012984643248170709e-45 1.7051769495010375977 6.6134152412414550781 11.168426513671875 6.5373377799987792969 3.0902369022369384766 9.0403738021850585938 9.4902591705322265625 2.4951934814453125
0 0 0 0 0 0 0 0 0 0 0 0 0 0 0 0 0 0 0 0 0 0 1.4012984643248170709e-45 1.4012984643248170709e-45 1.4012984643248170709e-45 1.4012984643248170709e-45 1.4012984643248170709e-45 1.4012984643248170709e-45 1.4012984643248170709e-45 1.4012984643248170709e-45 1.4012984643248170709e-45 1.4012984643248170709e-45 1.4012984643248170709e-45 1.4012984643248170709e-45 1.4012984643248170709e-45 0.47009477019309997559 9.2113962173461914062 13.269352912902832031 3.0537891387939453125 2.4546587467193603516 7.6238269805908203125 6.9669251441955566406 8.4419918060302734375
0 0 0 0 0 0 0 0 0 0 0 0 0 0 0 0 0 0 0 0 0 1.4012984643248170709e-45 1.4012984643248170709e-45 1.4012984643248170709e-45 1.4012984643248170709e-45 1.4012984643248170709e-45 1.4012984643248170709e-45 1.4012984643248170709e-45 1.4012984643248170709e-45 1.4012984643248170709e-45 1.4012984643248170709e-45 1.4012984643248170709e-45 1.4012984643248170709e-45 1.4012984643248170709e-45 1.4012984643248170709e-45 1.4012984643248170709e-45 9.1998538970947265625 8.6463212966918945312 2.7844262123107910156 6.4140272140502929688 11.660715103149414062 7.3961834907531738281 6.9827070236206054688
0 0 0 0 0 0 0 0 0 0 0 0 0 0 0 0 0 0 0 0 0 1.4012984643248170709e-45 1.4012984643248170709e-45 1.4012984643248170709e-45 1.4012984643248170709e-45 1.4012984643248170709e-45 1.4012984643248170709e-45 1.4012984643248170709e-45 1.4012984643248170709e-45 1.4012984643248170709e-45 1.4012984643248170709e-45 1.4012984643248170709e-45 1.4012984643248170709e-45 1.4012984643248170709e-45 1.4012984643248170709e-45 0.42157664895057678223 3.6792185306549072266 6.4871082305908203125 6.2479963302612304688 8.2608823776245117188 9.3411054611206054688 6.8312392234802246094 7.7423658370971679688
0 0 0 0 0 0 0 0 0 0 0 0 0 0 0 0 0 0 0 0 0 1.4012984643248170709e-45 1.4012984643248170709e-45 1.4012984643248170709e-45 1.4012984643248170709e-45 1.4012984643248170709e-45 1.4012984643248170709e-45 1.4012984643248170709e-45 1.4012984643248170709e-45 1.4012984643248170709e-45 1.4012984643248170709e-45 1.4012984643248170709e-45 1.4012984643248170709e-45 1.4012984643248170709e-45 1.4012984643248170709e-45 1.4012984643248170709e-45 3.1826717853546142578 7.5517487525939941406 7.2977862358093261719 7.7090907096862792969 5.5758991241455078125 9.0850772857666015625 9.5121974945068359375
0 0 0 0 0 0 0 0 0 0 0 0 0 0 0 0 0 0 0 0 0 1.4012984643248170709e-45 1.4012984643248170709e-45 1.4012984643248170709e-45 1.4012984643248170709e-45 1.4012984643248170709e-45 1.4012984643248170709e-45 1.4012984643248170709e-45 1.4012984643248170709e-45 1.4012984643248170709e-45 1.4012984643248170709e-45 1.4012984643248170709e-45 1.4012984643248170709e-45 1.4012984643248170709e-45 1.4012984643248170709e-45 1.4012984643248170709e-45 4.12071990966796875 4.1367673873901367188 3.2469573020935058594 5.4216508865356445312 4.1804976463317871094 5.0226697921752929688 7.155818939208984375
0 0 0 0 0 0 0 0 0 0 0 0 0 0 0 0 0 0 0 0 1.4012984643248170709e-45 1.4012984643248170709e-45 1.4012984643248170709e-45 1.4012984643248170709e-45 1.4012984643248170709e-45 1.4012984643248170709e-45 1.4012984643248170709e-45 1.4012984643248170709e-45 1.4012984643248170709e-45 1.4012984643248170709e-45 1.4012984643248170709e-45 1.4012984643248170709e-45 1.4012984643248170709e-45 1.4012984643248170709e-45 1.4012984643248170709e-45 1.4012984643248170709e-45 1.8194142580032348633 6.3753552436828613281 3.35272979736328125 3.3352646827697753906 3.5242207050323486328 6.2723550796508789062 10.731718063354492188
0 0 0 0 0 0 0 0 0 0 0 0 0 0 0 0 0 0 0 0 1.4012984643248170709e-45 1.4012984643248170709e-45 1.4012984643248170709e-45 1.4012984643248170709e-45 1.4012984643248170709e-45 1.4012984643248170709e-45 1.4012984643248170709e-45 1.4012984643248170709e-45 1.4012984643248170709e-45 1.4012984643248170709e-45 1.4012984643248170709e-45 1.4012984643248170709e-45 1.4012984643248170709e-45 1.4012984643248170709e-45 1.4012984643248170709e-45 1.4012984643248170709e-45 2.3621218204498291016 7.0378088951110839844 5.1534824371337890625 3.3620519638061523438 6.4494462013244628906 7.0310187339782714844 13.114789009094238281
0 0 0 0 0 0 0 0 0 0 0 0 0 0 0 0 0 0 0 0 1.4012984643248170709e-45 1.4012984643248170709e-45 1.4012984643248170709e-45 1.4012984643248170709e-45 1.4012984643248170709e-45 1.4012984643248170709e-45 1.4012984643248170709e-45 1.4012984643248170709e-45 1.4012984643248170709e-45 1.4012984643248170709e-45 1.4012984643248170709e-45 1.4012984643248170709e-45 1.4012984643248170709e-45 1.4012984643248170709e-45 1.4012984643248170709e-45 1.4012984643248170709e-45 1.2737662792205810547 4.0371947288513183594 6.9600610733032226562 2.5758483409881591797 10.812394142150878906 9.0083494186401367188 8.5334300994873046875
0 0 0 0 0 0 0 0 0 0 0 0 0 0 0 0 0 0 0 0 1.4012984643248170709e-45 1.4012984643248170709e-45 1.4012984643248170709e-45 1.4012984643248170709e-45 1.4012984643248170709e-45 1.4012984643248170709e-45 1.4012984643248170709e-45 1.4012984643248170709e-45 1.4012984643248170709e-45 1.4012984643248170709e-45 1.4012984643248170709e-45 1.4012984643248170709e-45 1.4012984643248170709e-45 1.4012984643248170709e-45 1.4012984643248170709e-45 1.4012984643248170709e-45 1.4012984643248170709e-45 2.8875803947448730469 6.4603204727172851562 5.7776799201965332031 6.0104241371154785156 9.1861734390258789062 6.8977069854736328125
0 0 0 0 0 0 0 0 0 0 0 0 0 0 0 0 0 0 0 1.4012984643248170709e-45 1.4012984643248170709e-45 1.4012984643248170709e-45 1.4012984643248170709e-45 1.4012984643248170709e-45 1.4012984643248170709e-45 1.4012984643248170709e-45 1.4012984643248170709e-45 1.4012984643248170709e-45 1.4012984643248170709e-45 1.4012984643248170709e-45 1.4012984643248170709e-45 1.4012984643248170709e-45 1.4012984643248170709e-45 1.4012984643248170709e-45 1.4012984643248170709e-45 1.4012984643248170709e-45 1.9570648670196533203 5.7979526519775390625 3.57564544677734375 4.6211848258972167969 4.3143243789672851562 8.5336780548095703125 5.7438130378723144531
0 0 0 0 0 0 0 0 0 0 0 0 0 0 0 0 0 0 0 1.4012984643248170709e-45 1.4012984643248170709e-45 1.4012984643248170709e-45 1.4012984643248170709e-45 1.4012984643248170709e-45 1.4012984643248170709e-45 1.4012984643248170709e-45 1.4012984643248170709e-45 1.4012984643248170709e-45 1.4012984643248170709e-45 1.4012984643248170709e-45 1.4012984643248170709e-45 1.4012984643248170709e-45 1.4012984643248170709e-45 1.4012984643248170709e-45 1.4012984643248170709e-45 1.4012984643248170709e-45 4.8696208000183105469 3.4451835155487060547 2.3327159881591796875 9.1301031112670898438 2.3817811012268066406 2.9667496681213378906 6.0858445167541503906
0 0 0 0 0 0 0 0 0 0 0 0 0 0 0 0 0 0 0 1.4012984643248170709e-45 1.4012984643248170709e-45 1.4012984643248170709e-45 1.4012984643248170709e-45 1.4012984643248170709e-45 1.4012984643248170709e-45 1.4012984643248170709e-45 1.4012984643248170709e-45 1.4012984643248170709e-45 1.4012984643248170709e-45 1.4012984643248170709e-45 1.4012984643248170709e-45 1.4012984643248170709e-45 1.4012984643248170709e-45 1.4012984643248170709e-45 1.4012984643248170709e-45 1.4012984643248170709e-45 8.4379024505615234375 8.0019779205322265625 6.0327777862548828125 8.9909029006958007812 3.9085614681243896484 8.8948650360107421875 6.3432054519653320312
0 0 0 0 0 0 0 0 0 0 0 0 0 0 0 0 0 0 1.4012984643248170709e-45 1.4012984643248170709e-45 1.4012984643248170709e-45 1.4012984643248170709e-45 1.4012984643248170709e-45 1.4012984643248170709e-45 1.4012984643248170709e-45 1.4012984643248170709e-45 1.4012984643248170709e-45 1.4012984643248170709e-45 1.4012984643248170709e-45 1.4012984643248170709e-45 1.4012984643248170709e-45 1.4012984643248170709e-45 1.4012984643248170709e-45 1.4012984643248170709e-45 1.4012984643248170709e-45 0.058462310582399368286 2.1133286952972412109 6.0363898277282714844 6.5820202827453613281 6.9502553939819335938 6.6319537162780761719 9.3057394027709960938 10.841676712036132812
0 0 0 0 0 0 0 0 0 0 0 0 0 0 0 0 0 0 1.4012984643248170709e-45 1.4012984643248170709e-45 1.4012984643248170709e-45 1.4012984643248170709e-45 1.4012984643248170709e-45 1.4012984643248170709e-45 1.4012984643248170709e-45 1.4012984643248170709e-45 1.4012984643248170709e-45 1.4012984643248170709e-45 1.4012984643248170709e-45 1.4012984643248170709e-45 1.4012984643248170709e-45 1.4012984643248170709e-45 1.4012984643248170709e-45 1.4012984643248170709e-45 1.4012984643248170709e-45 3.7314617633819580078 6.6854987144470214844 5.1223330497741699219 5.9639739990234375 7.6301960945129394531 3.5107929706573486328 10.345376014709472656 9.5745229721069335938
0 0 0 0 0 0 0 0 0 0 0 0 0 0 0 0 0 0 1.4012984643248170709e-45 1.4012984643248170709e-45 1.4012984643248170709e-45 1.4012984643248170709e-45 1.4012984643248170709e-45 1.4012984643248170709e-45 1.4012984643248170709e-45 1.4012984643248170709e-45 1.4012984643248170709e-45 1.4012984643248170709e-45 1.4012984643248170709e-45 1.4012984643248170709e-45 1.4012984643248170709e-45 1.4012984643248170709e-45 1.4012984643248170709e-45 1.4012984643248170709e-45 1.4012984643248170709e-45 3.9345638751983642578 5.9612798690795898438 4.7846274375915527344 7.9116387367248535156 13.515575408935546875 5.119976043701171875 5.730251312255859375 4.29465484619140625
