Forest_LCP_Outputs/canopy_height.asc
ncols        250
nrows        253
xllcorner    -2044817.845419629943
yllcorner    2022214.475814298494
cellsize     26.855736874859
NODATA_value 0
[rows 76 to 94 of 253, columns 172 to 214 of 250]
4.7425723075866699219 2.41770172119140625 3.971172332763671875 3.4464561939239501953 6.1590600013732910156 10.529959678649902344 4.2685303688049316406 0.61690568923950195312 1.4012984643248170709e-45 1.4012984643248170709e-45 6.7389836311340332031 3.905437469482421875 2.64111328125 8.3522167205810546875 10.707811355590820312 4.4446668624877929688 0.41405409574508666992 11.365801811218261719 12.358492851257324219 1.3466253280639648438 1.4012984643248170709e-45 0.020738709717988967896 1.2720202207565307617 1.4012984643248170709e-45 1.4012984643248170709e-45 1.4012984643248170709e-45 0.35664838552474975586 3.0272901058197021484 5.651458740234375 9.809070587158203125 12.077139854431152344 11.355356216430664062 6.4390234947204589844 3.2553913593292236328 14.716464996337890625 11.952813148498535156 13.364102363586425781 9.0145807266235351562 8.5770854949951171875 9.564670562744140625 10.171439170837402344 12.862726211547851562 16.74817657470703125
6.8713245391845703125 2.1413800716400146484 0.81063187122344970703 0.23183552920818328857 1.4012984643248170709e-45 4.6055731773376464844 1.6543852090835571289 5.3077535629272460938 7.4422740936279296875 1.6719549894332885742 8.8403215408325195312 12.474817276000976562 11.592736244201660156 6.4290518760681152344 9.8400621414184570312 6.1725873947143554688 0.22638356685638427734 10.189160346984863281 18.775972366333007812 4.0762495994567871094 1.4012984643248170709e-45 0.076442249119281768799 1.4012984643248170709e-45 1.4012984643248170709e-45 1.4012984643248170709e-45 1.4012984643248170709e-45 5.2839307785034179688 13.373698234558105469 10.411550521850585938 13.865630149841308594 12.476776123046875 11.405591964721679688 10.220370292663574219 6.6028599739074707031 16.171541213989257812 16.215587615966796875 16.564722061157226562 10.499055862426757812 14.613000869750976562 8.3547153472900390625 6.5977520942687988281 22.043018341064453125 11.711348533630371094
10.593508720397949219 5.7453141212463378906 2.2571566104888916016 1.0480583906173706055 1.6327129602432250977 10.7877197265625 9.6334486007690429688 14.393344879150390625 9.8239030838012695312 4.9571061134338378906 9.1758241653442382812 7.3437023162841796875 17.663000106811523438 4.7459049224853515625 21.895296096801757812 18.169603347778320312 1.4012984643248170709e-45 1.9547150135040283203 10.927029609680175781 6.8209524154663085938 1.4012984643248170709e-45 5.6512398719787597656 2.3031089305877685547 1.4012984643248170709e-45 1.0784150362014770508 1.4012984643248170709e-45 14.080676078796386719 11.707882881164550781 4.2243561744689941406 9.9532985687255859375 9.709415435791015625 9.602703094482421875 10.446597099304199219 4.9636363983154296875 11.962739944458007812 9.5241460800170898438 15.600380897521972656 9.0639314651489257812 16.661752700805664062 12.673005104064941406 11.117185592651367188 18.249242782592773438 11.764844894409179688
1.9935216903686523438 2.4642226696014404297 1.39557647705078125 1.4692023992538452148 2.4666101932525634766 7.1876850128173828125 9.4267435073852539062 8.1248350143432617188 5.5190715789794921875 16.307760238647460938 8.4566926956176757812 1.3935856819152832031 14.761431694030761719 5.1510839462280273438 17.631961822509765625 15.392521858215332031 3.03399658203125 1.4012984643248170709e-45 3.0858020782470703125 1.4960019588470458984 1.4012984643248170709e-45 8.1149129867553710938 0.44852980971336364746 0.36918336153030395508 5.9224066734313964844 1.7951871156692504883 6.9333796501159667969 1.018465876579284668 6.4968814849853515625 11.778962135314941406 11.79921722412109375 12.535642623901367188 14.483011245727539062 3.8836991786956787109 14.559034347534179688 4.5950489044189453125 18.419382095336914062 16.655529022216796875 10.494206428527832031 11.058295249938964844 11.518628120422363281 19.333581924438476562 12.622796058654785156
0.20934462547302246094 1.4012984643248170709e-45 1.4012984643248170709e-45 0.18315747380256652832 0.51232838630676269531 3.0478024482727050781 1.0819476842880249023 1.4012984643248170709e-45 0.76464074850082397461 22.003759384155273438 8.5333843231201171875 5.0675606727600097656 7.3043141365051269531 4.4411630630493164062 9.7548732757568359375 12.437140464782714844 9.003246307373046875 0.99945139884948730469 6.6824297904968261719 0.19310370087623596191 4.5526943206787109375 6.3494405746459960938 1.4012984643248170709e-45 0.91062164306640625 2.5334334373474121094 1.4012984643248170709e-45 0.32716026902198791504 1.4012984643248170709e-45 4.2381968498229980469 15.579789161682128906 12.539803504943847656 13.011660575866699219 14.785065650939941406 12.990642547607421875 17.058063507080078125 11.428400039672851562 17.669773101806640625 18.033296585083007812 16.577356338500976562 12.607474327087402344 13.762319564819335938 16.932359695434570312 17.912563323974609375
2.0353283882141113281 1.4012984643248170709e-45 1.4012984643248170709e-45 1.4012984643248170709e-45 0.044224504381418228149 1.4012984643248170709e-45 0.24108052253723144531 2.1100721359252929688 3.6727030277252197266 10.733338356018066406 11.704203605651855469 8.7145490646362304688 3.7278804779052734375 0.59037649631500244141 8.6731357574462890625 13.602941513061523438 15.299195289611816406 2.9464390277862548828 3.0801830291748046875 3.7298865318298339844 13.174511909484863281 8.4419727325439453125 1.4012984643248170709e-45 1.4012984643248170709e-45 1.4012984643248170709e-45 1.4012984643248170709e-45 1.4012984643248170709e-45 1.4012984643248170709e-45 0.60195016860961914062 12.704524993896484375 10.906575202941894531 10.604168891906738281 16.898653030395507812 19.317899703979492188 12.567747116088867188 14.578612327575683594 11.881326675415039062 17.57160186767578125 15.939183235168457031 17.96661376953125 10.455960273742675781 11.652822494506835938 16.352964401245117188
7.3413419723510742188 9.9276275634765625 1.3433498144149780273 0.56908518075942993164 2.6670763492584228516 5.3065843582153320312 3.1878910064697265625 8.66786956787109375 13.877979278564453125 7.6242480278015136719 10.52301788330078125 3.4753801822662353516 0.69970023632049560547 1.4012984643248170709e-45 9.7873945236206054688 14.572374343872070312 10.778916358947753906 10.658056259155273438 1.4012984643248170709e-45 6.4124288558959960938 6.346263885498046875 1.1739572286605834961 1.4012984643248170709e-45 1.4012984643248170709e-45 1.4012984643248170709e-45 1.4012984643248170709e-45 1.4012984643248170709e-45 1.4012984643248170709e-45 1.4012984643248170709e-45 10.878154754638671875 18.69846343994140625 9.2278385162353515625 11.494195938110351562 9.4134359359741210938 8.8964662551879882812 10.473261833190917969 18.775417327880859375 17.819149017333984375 9.4323129653930664062 14.095679283142089844 14.262160301208496094 7.3793749809265136719 10.924809455871582031
10.670601844787597656 18.3321533203125 5.1703867912292480469 7.641674041748046875 9.5474414825439453125 6.7870097160339355469 3.4634306430816650391 4.9603199958801269531 9.9205598831176757812 5.347808837890625 3.6574602127075195312 0.87861132621765136719 4.8418073654174804688 6.5694074630737304688 7.9105439186096191406 10.994372367858886719 9.540683746337890625 14.816417694091796875 3.2021749019622802734 5.0169663429260253906 0.54056644439697265625 1.4012984643248170709e-45 1.4012984643248170709e-45 1.4012984643248170709e-45 1.4012984643248170709e-45 1.4012984643248170709e-45 1.4012984643248170709e-45 1.4012984643248170709e-45 1.4012984643248170709e-45 17.220645904541015625 21.116266250610351562 13.762667655944824219 8.622158050537109375 3.2622978687286376953 8.327579498291015625 13.709566116333007812 22.944845199584960938 14.084910392761230469 11.073884010314941406 15.92058563232421875 8.5550374984741210938 8.0551252365112304688 18.074018478393554688
5.8363471031188964844 5.8638119697570800781 2.6446950435638427734 8.1807537078857421875 3.4338920116424560547 1.3272377252578735352 1.9254496097564697266 0.2304146885871887207 10.0923614501953125 11.096411705017089844 5.4626374244689941406 5.9284729957580566406 13.146229743957519531 9.2784528732299804688 2.4239277839660644531 6.98088836669921875 4.6874728202819824219 17.460557937622070312 1.4105682373046875 11.547905921936035156 1.4012984643248170709e-45 1.4012984643248170709e-45 1.4012984643248170709e-45 1.4012984643248170709e-45 1.4012984643248170709e-45 1.4012984643248170709e-45 1.4012984643248170709e-45 1.4012984643248170709e-45 1.814533233642578125 17.39423370361328125 12.376687049865722656 13.026751518249511719 11.590203285217285156 6.1051707267761230469 9.5877752304077148438 15.230277061462402344 11.748807907104492188 5.7343378067016601562 8.3895235061645507812 7.5382442474365234375 10.715731620788574219 12.321994781494140625 16.7560882568359375
15.369687080383300781 9.7415246963500976562 10.533125877380371094 3.9150116443634033203 1.5403771400451660156 3.9340407848358154297 10.940226554870605469 8.8187770843505859375 16.46262359619140625 8.6219167709350585938 3.7000341415405273438 11.080212593078613281 11.231282234191894531 6.6001477241516113281 0.42285135388374328613 9.63898468017578125 2.9053320884704589844 14.817381858825683594 6.0614571571350097656 3.7057640552520751953 1.4012984643248170709e-45 1.4012984643248170709e-45 1.4012984643248170709e-45 1.4012984643248170709e-45 1.4012984643248170709e-45 1.4012984643248170709e-45 1.4012984643248170709e-45 1.2530820369720458984 9.5592966079711914062 12.584833145141601562 9.8693189620971679688 7.8409991264343261719 12.837637901306152344 11.768083572387695312 10.537646293640136719 9.0653448104858398438 5.456409454345703125 4.0544171333312988281 9.001445770263671875 6.8843235969543457031 16.50547027587890625 10.478433609008789062 17.479656219482421875
17.1884918212890625 5.6632966995239257812 12.173338890075683594 8.8711843490600585938 6.2461614608764648438 10.590726852416992188 15.536780357360839844 13.10230255126953125 7.9036259651184082031 6.3697848320007324219 10.159679412841796875 17.237722396850585938 0.48461586236953735352 1.2137346267700195312 1.0118460655212402344 3.8825681209564208984 7.3675928115844726562 19.986024856567382812 11.9019012451171875 9.1503725051879882812 2.0344097614288330078 1.4012984643248170709e-45 2.8646569252014160156 1.4012984643248170709e-45 1.4012984643248170709e-45 1.4012984643248170709e-45 1.4012984643248170709e-45 7.3230843544006347656 14.378727912902832031 15.256062507629394531 9.0249176025390625 15.909009933471679688 10.265672683715820312 6.5106759071350097656 12.295857429504394531 4.2289829254150390625 8.0525465011596679688 4.5868105888366699219 5.3228745460510253906 9.1099882125854492188 13.179355621337890625 11.414133071899414062 13.86511993408203125
5.8349246978759765625 2.2305648326873779297 6.0735974311828613281 9.7618856430053710938 11.445880889892578125 14.150456428527832031 11.660666465759277344 8.2486400604248046875 7.6897192001342773438 3.5935051441192626953 8.662689208984375 11.056257247924804688 2.0286967754364013672 3.8142745494842529297 4.9704065322875976562 1.9155504703521728516 3.6582784652709960938 18.706104278564453125 8.7080965042114257812 16.199998855590820312 0.033378038555383682251 1.9091329574584960938 9.2833805084228515625 1.4012984643248170709e-45 1.4012984643248170709e-45 1.4012984643248170709e-45 1.4012984643248170709e-45 4.7786297798156738281 12.992635726928710938 19.97745513916015625 7.2953581809997558594 15.846300125122070312 4.4932703971862792969 8.9204645156860351562 10.088283538818359375 6.025203704833984375 12.542019844055175781 9.9067134857177734375 5.4297738075256347656 8.4177989959716796875 10.6373138427734375 13.424393653869628906 18.043199539184570312
2.2961847782135009766 4.2984938621520996094 5.9332056045532226562 11.92627716064453125 18.1854248046875 7.9923162460327148438 1.9687366485595703125 1.8952051401138305664 2.9353711605072021484 1.4012984643248170709e-45 3.3209903240203857422 7.1333293914794921875 9.5815372467041015625 10.257292747497558594 14.473741531372070312 2.4349949359893798828 0.70000761747360229492 7.7901368141174316406 10.418822288513183594 11.8431396484375 2.6788809299468994141 4.0444431304931640625 8.6815662384033203125 9.2590160369873046875 8.1751079559326171875 1.1620141267776489258 1.4012984643248170709e-45 2.2376790046691894531 11.17040252685546875 16.884552001953125 10.779559135437011719 11.428399085998535156 10.980814933776855469 8.2234792709350585938 7.4764089584350585938 10.266881942749023438 10.092365264892578125 12.248426437377929688 9.0280399322509765625 15.301025390625 15.67430877685546875 13.578934669494628906 13.210526466369628906
4.4326753616333007812 2.6190097332000732422 2.1222875118255615234 6.5491819381713867188 9.195957183837890625 0.20044410228729248047 0.2982304692268371582 5.1076412200927734375 7.4142060279846191406 6.448406219482421875 13.54865264892578125 9.9746847152709960938 10.577698707580566406 12.795589447021484375 18.994045257568359375 1.4459747076034545898 1.4012984643248170709e-45 6.0405826568603515625 13.854796409606933594 6.6626114845275878906 11.079896926879882812 6.4976840019226074219 8.871898651123046875 18.819263458251953125 18.507795333862304688 1.24149322509765625 0.42664960026741027832 5.0322523117065429688 7.1458425521850585938 5.1544399261474609375 6.8565688133239746094 15.369295120239257812 11.805087089538574219 8.310855865478515625 8.7238702774047851562 13.24961090087890625 12.394887924194335938 15.571185111999511719 13.08031463623046875 17.520494461059570312 17.3907012939453125 12.25089263916015625 11.225214958190917969
6.4984488487243652344 5.3578677177429199219 3.2000932693481445312 1.4012984643248170709e-45 1.6236732006072998047 3.5188500881195068359 2.6291608810424804688 13.954874992370605469 11.040912628173828125 14.945363998413085938 12.813783645629882812 13.56269073486328125 14.253871917724609375 8.2831449508666992188 5.6388020515441894531 0.28969627618789672852 1.4012984643248170709e-45 6.6332073211669921875 11.841526985168457031 8.3355722427368164062 11.388744354248046875 11.800271987915039062 13.975535392761230469 14.604650497436523438 10.467261314392089844 5.5059757232666015625 0.54032993316650390625 6.9093389511108398438 5.8925137519836425781 0.46828150749206542969 6.4714002609252929688 14.836385726928710938 10.793981552124023438 15.245206832885742188 13.922094345092773438 12.758884429931640625 15.912686347961425781 15.106959342956542969 19.210788726806640625 11.484094619750976562 13.2221527099609375 13.252378463745117188 17.97698974609375
1.4078402519226074219 2.3508009910583496094 1.445194244384765625 1.4012984643248170709e-45 5.0930042266845703125 16.090770721435546875 14.207447052001953125 13.51226806640625 12.469301223754882812 12.913447380065917969 9.1305952072143554688 12.482275962829589844 6.9328398704528808594 0.63498187065124511719 1.8361121416091918945 0.060027889907360076904 5.9430365562438964844 1.8432084321975708008 16.639390945434570312 13.4170684814453125 8.0136852264404296875 19.822566986083984375 11.410917282104492188 4.484439849853515625 6.7446889877319335938 8.2513599395751953125 1.967029571533203125 1.0308361053466796875 0.44765564799308776855 1.4012984643248170709e-45 8.8425111770629882812 12.385876655578613281 8.8942689895629882812 11.60514068603515625 14.40700531005859375 9.6605367660522460938 7.397510528564453125 8.4416646957397460938 20.718683242797851562 11.448721885681152344 7.3043923377990722656 15.82450103759765625 16.906583786010742188
0.47248360514640808105 1.4012984643248170709e-45 4.2529897689819335938 0.29593116044998168945 1.8285543918609619141 14.230542182922363281 15.80373382568359375 6.0540933609008789062 16.735095977783203125 12.01914215087890625 3.8810534477233886719 2.4869673252105712891 5.9386835098266601562 2.1439042091369628906 10.205707550048828125 3.7704639434814453125 11.21880340576171875 7.1411619186401367188 8.0556306838989257812 15.431211471557617188 15.491220474243164062 13.275067329406738281 1.5214934349060058594 6.3141326904296875 12.562689781188964844 13.245252609252929688 1.1019535064697265625 1.4012984643248170709e-45 1.4012984643248170709e-45 1.1795426607131958008 10.725489616394042969 15.025813102722167969 8.073177337646484375 7.4983601570129394531 12.724355697631835938 6.0255103111267089844 5.295284271240234375 7.792999267578125 19.965181350708007812 11.159078598022460938 10.45513916015625 19.76979827880859375 13.633127212524414062
1.2275773286819458008 2.7014837265014648438 7.2792878150939941406 1.4012984643248170709e-45 0.87462973594665527344 5.0015735626220703125 5.2600545883178710938 1.0253961086273193359 4.9327855110168457031 2.5838532447814941406 6.2166757583618164062 1.7696774005889892578 18.306806564331054688 9.7864665985107421875 19.284429550170898438 10.990085601806640625 12.631153106689453125 10.478153228759765625 5.1180591583251953125 8.0308504104614257812 15.825115203857421875 15.356205940246582031 2.2328081130981445312 10.516000747680664062 22.949222564697265625 13.755915641784667969 2.3707876205444335938 0.4479503631591796875 1.4012984643248170709e-45 1.4012984643248170709e-45 15.258042335510253906 22.464183807373046875 10.880626678466796875 5.1829237937927246094 19.602855682373046875 9.3406686782836914062 13.186882972717285156 16.942966461181640625 12.411022186279296875 13.225207328796386719 13.44133758544921875 13.014163017272949219 14.534425735473632812
0.59507781267166137695 5.0055599212646484375 5.3368630409240722656 1.4850513935089111328 7.1844892501831054688 8.0097522735595703125 3.3214900493621826172 1.9417871236801147461 1.2744554281234741211 1.1718641519546508789 16.398984909057617188 6.3259530067443847656 9.8161907196044921875 17.375200271606445312 16.825857162475585938 9.6961498260498046875 12.619711875915527344 4.7769918441772460938 1.5118576288223266602 0.21752457320690155029 9.007884979248046875 31.479040145874023438 10.507579803466796875 15.483196258544921875 25.288187026977539062 13.832630157470703125 7.1207871437072753906 2.734592437744140625 1.4012984643248170709e-45 1.4012984643248170709e-45 17.681428909301757812 20.70149993896484375 17.915851593017578125 9.6177949905395507812 19.626863479614257812 14.811997413635253906 18.499578475952148438 16.272665023803710938 14.949547767639160156 16.5861358642578125 11.185235023498535156 15.937222480773925781 17.742380142211914062
