Forest_LCP_Outputs/canopy_cover.asc
ncols        250
nrows        253
xllcorner    -2044817.845419629943
yllcorner    2022214.475814298494
cellsize     26.855736874859
NODATA_value 0
[rows 57 to 75 of 253, columns 43 to 85 of 250]
4.6958217620849609375 2.8512544631958007812 2.3707089424133300781 3.4054932594299316406 2.6584644317626953125 2.1790952682495117188 2.4605145454406738281 1.6166185140609741211 1.3805805444717407227 1.9161882400512695312 1.4946405887603759766 1.5966795682907104492 3.1171171665191650391 2.2861111164093017578 2.7082829475402832031 1.3801174163818359375 1.1869904994964599609 2.0796625614166259766 2.2034296989440917969 1.145206451416015625 2.0660037994384765625 1.5092730522155761719 1.6745394468307495117 1.2265030145645141602 1.1251988410949707031 1.021427154541015625 2.6825559139251708984 3.1919465065002441406 2.2164990901947021484 1.3837993144989013672 1.2123782634735107422 2.1380589008331298828 2.2706756591796875 2.2309696674346923828 1.6186963319778442383 2.6951150894165039062 2.6960647106170654297 1.6179281473159790039 1.4316664934158325195 1.2359448671340942383 4.3541517257690429688 1.5795443058013916016 3.53702545166015625
2.1148381233215332031 2.6108529567718505859 2.0816876888275146484 2.8122522830963134766 2.7872688770294189453 3.1985509395599365234 0.92134869098663330078 1.148007512092590332 1.7472673654556274414 1.7134644985198974609 1.6791698932647705078 1.5968422889709472656 1.8247797489166259766 1.3695361614227294922 2.6752898693084716797 1.2037296295166015625 0.76845687627792358398 1.3734074831008911133 1.0487933158874511719 0.55765366554260253906 2.2882788181304931641 1.5483708381652832031 1.7597320079803466797 1.70995330810546875 2.0089914798736572266 1.132968902587890625 1.5593811273574829102 1.8342573642730712891 3.6062755584716796875 1.2959296703338623047 1.9641247987747192383 1.1392767429351806641 1.8453325033187866211 1.5912164449691772461 1.2322448492050170898 5.9396157264709472656 2.9451701641082763672 2.2170751094818115234 2.6721765995025634766 0.91375017166137695312 2.4919137954711914062 1.9478760957717895508 1.8316904306411743164
1.5765576362609863281 2.1462361812591552734 1.3342282772064208984 1.4680318832397460938 2.9385807514190673828 2.407001495361328125 0.64193964004516601562 2.095714569091796875 2.9910516738891601562 2.0117714405059814453 1.3143682479858398438 3.0861771106719970703 2.6747629642486572266 1.3865313529968261719 2.7635967731475830078 0.64910644292831420898 0.31580427289009094238 1.0982356071472167969 1.4530299901962280273 1.5476897954940795898 1.8365902900695800781 1.9764013290405273438 3.0658144950866699219 2.4373610019683837891 1.180217742919921875 1.6928724050521850586 1.554852604866027832 0.80229955911636352539 1.8993598222732543945 2.3926801681518554688 1.9135298728942871094 0.66405165195465087891 1.1496940851211547852 2.0825605392456054688 1.4441242218017578125 6.41214752197265625 0.49811086058616638184 2.6190569400787353516 1.4764885902404785156 2.5244603157043457031 2.1206481456756591797 2.481456756591796875 1.4694372415542602539
2.40185546875 1.4556043148040771484 2.0484092235565185547 2.3907709121704101562 2.6000120639801025391 1.7670668363571166992 0.84594404697418212891 2.5936260223388671875 1.8283612728118896484 1.3022556304931640625 0.79410767555236816406 3.4893252849578857422 3.4466061592102050781 1.1146093606948852539 1.7481009960174560547 1.1294696331024169922 1.7073084115982055664 2.6977465152740478516 2.7105538845062255859 2.4588074684143066406 1.4399400949478149414 1.6215636730194091797 3.0444326400756835938 1.7526665925979614258 1.0748201608657836914 2.3228743076324462891 2.0013194084167480469 1.6333305835723876953 2.1595201492309570312 1.9477936029434204102 1.1460889577865600586 0.8087590336799621582 1.6115550994873046875 1.9146517515182495117 1.2306511402130126953 1.6265181303024291992 0.50191658735275268555 1.1928640604019165039 1.1911736726760864258 2.8519513607025146484 2.6454010009765625 2.8105976581573486328 1.1278426647186279297
2.2454521656036376953 1.1088609695434570312 2.1489133834838867188 1.7533440589904785156 2.1018459796905517578 2.4444315433502197266 1.1929247379302978516 2.7302331924438476562 1.4282878637313842773 2.8332955837249755859 2.9294579029083251953 1.9847750663757324219 2.3117921352386474609 0.9928099513053894043 2.0080740451812744141 1.7317686080932617188 2.7159028053283691406 2.4829463958740234375 1.3368833065032958984 1.6370483636856079102 1.5663814544677734375 1.5055791139602661133 1.908545374870300293 2.2894809246063232422 1.6962182521820068359 1.6436524391174316406 1.9110171794891357422 2.4211423397064208984 4.1991720199584960938 2.3276879787445068359 1.8177918195724487305 1.2897424697875976562 2.2683610916137695312 2.0604536533355712891 1.4366598129272460938 1.0410097837448120117 1.4292597770690917969 2.4262917041778564453 1.5587013959884643555 2.7612693309783935547 2.8504579067230224609 2.0226266384124755859 0.68983072042465209961
3.2565624713897705078 1.0556619167327880859 0.79483044147491455078 1.3455593585968017578 2.0177989006042480469 2.8605124950408935547 1.8628945350646972656 3.9747760295867919922 1.9171618223190307617 2.6491568088531494141 2.5269143581390380859 2.0999155044555664062 2.6418166160583496094 0.94445955753326416016 2.7561755180358886719 1.7303215265274047852 1.0111980438232421875 2.3350877761840820312 0.82356858253479003906 1.1796988248825073242 1.7824712991714477539 1.600462794303894043 1.2077313661575317383 2.3839926719665527344 1.1005454063415527344 2.1034412384033203125 1.1100400686264038086 3.0025525093078613281 3.9346964359283447266 2.8367722034454345703 2.4099893569946289062 1.179201960563659668 1.9932960271835327148 2.9395053386688232422 1.5208997726440429688 2.1643357276916503906 1.7120838165283203125 2.357074737548828125 2.1411778926849365234 3.1194670200347900391 2.2728331089019775391 0.80173897743225097656 1.0941066741943359375
2.48715972900390625 0.86446052789688110352 0.92277342081069946289 3.5072672367095947266 1.3106008768081665039 2.2913758754730224609 2.4461643695831298828 2.8008265495300292969 2.4801650047302246094 3.0860338211059570312 2.1665890216827392578 1.5947098731994628906 2.8438558578491210938 1.0682680606842041016 1.8516439199447631836 2.2445533275604248047 1.7104336023330688477 1.4884449243545532227 2.0644443035125732422 3.4375159740447998047 1.5346219539642333984 1.3656866550445556641 1.7248765230178833008 2.8312673568725585938 1.2940938472747802734 1.7382581233978271484 1.2069498300552368164 2.9449720382690429688 2.485157012939453125 2.3623521327972412109 2.4338672161102294922 1.3480224609375 2.2662823200225830078 3.1812853813171386719 1.2730375528335571289 1.7019366025924682617 3.3215672969818115234 1.7100172042846679688 2.8203792572021484375 2.0353863239288330078 1.3063129186630249023 0.82355463504791259766 0.85872042179107666016
0.85334974527359008789 1.4899373054504394531 1.3612314462661743164 1.7920925617218017578 0.81380170583724975586 3.0588586330413818359 2.0652387142181396484 1.8112425804138183594 1.9791961908340454102 3.6339430809020996094 2.3447871208190917969 1.288021087646484375 2.7715134620666503906 0.9605045318603515625 1.4398666620254516602 2.8845601081848144531 2.8976204395294189453 1.4927822351455688477 2.9489414691925048828 6.4586548805236816406 1.0981007814407348633 5.8480396270751953125 1.6361213922500610352 2.1124882698059082031 2.0468821525573730469 1.2031095027923583984 1.3388677835464477539 2.2094981670379638672 2.3902804851531982422 2.6435260772705078125 2.7519490718841552734 1.5048102140426635742 2.4054083824157714844 2.74337005615234375 2.4047257900238037109 2.3457853794097900391 3.0109910964965820312 2.5414838790893554688 2.5921087265014648438 1.1155470609664916992 1.8712197542190551758 1.4443627595901489258 0.67750382423400878906
1.3830990791320800781 3.4734342098236083984 2.3463220596313476562 1.2181246280670166016 1.3945479393005371094 2.7294499874114990234 0.81568515300750732422 5.5063905715942382812 1.0369547605514526367 1.8429323434829711914 1.7814402580261230469 1.9075664281845092773 1.4332176446914672852 0.89873683452606201172 3.1497330665588378906 2.5317461490631103516 2.5300891399383544922 1.5623273849487304688 1.4037022590637207031 4.8229508399963378906 2.1494245529174804688 3.5261216163635253906 0.56972110271453857422 1.1197888851165771484 1.2044830322265625 0.70680671930313110352 1.2225767374038696289 1.1384476423263549805 2.0683889389038085938 1.5220795869827270508 3.4081392288208007812 5.3726372718811035156 2.4193346500396728516 2.7304270267486572266 2.9091563224792480469 2.4558560848236083984 3.4386205673217773438 3.545562744140625 1.4621679782867431641 1.7928812503814697266 1.7799217700958251953 1.5767157077789306641 1.1055262088775634766
0.93784320354461669922 2.9093325138092041016 2.3150222301483154297 1.6412788629531860352 2.3527250289916992188 1.891437530517578125 2.1835579872131347656 4.7932834625244140625 2.1281893253326416016 2.9434075355529785156 2.8240997791290283203 2.4578664302825927734 1.2040550708770751953 1.6016407012939453125 3.4641733169555664062 1.0413910150527954102 3.1596477031707763672 1.8219084739685058594 2.0509996414184570312 3.3620650768280029297 2.5145788192749023438 1.1832879781723022461 0.92936247587203979492 0.88904261589050292969 0.81201958656311035156 0.59564054012298583984 1.4524043798446655273 1.9474275112152099609 2.3097529411315917969 1.2363022565841674805 4.1559667587280273438 5.8016119003295898438 2.3491683006286621094 2.9050240516662597656 2.9645814895629882812 3.1584079265594482422 3.7541537284851074219 4.3434252738952636719 0.94029229879379272461 2.4080359935760498047 0.59484535455703735352 0.74258857965469360352 1.2656896114349365234
0.83676069974899291992 1.2238732576370239258 1.6784578561782836914 1.8251959085464477539 3.7970292568206787109 2.5760750770568847656 2.1936731338500976562 2.7531008720397949219 2.6130461692810058594 3.0363762378692626953 2.2992653846740722656 2.8799481391906738281 1.2529584169387817383 2.0822591781616210938 1.2796593904495239258 1.4728276729583740234 2.9549770355224609375 2.2843446731567382812 1.8641093969345092773 3.8134849071502685547 2.1633541584014892578 1.1730579137802124023 2.9210095405578613281 1.3642067909240722656 0.68004679679870605469 1.0011893510818481445 2.9521098136901855469 3.9659686088562011719 2.5399937629699707031 1.3807684183120727539 1.2334421873092651367 2.4432110786437988281 1.6544613838195800781 1.7190140485763549805 1.8275279998779296875 2.7144236564636230469 2.3290503025054931641 2.1039688587188720703 0.92264837026596069336 1.4831167459487915039 0.72925496101379394531 0.69734114408493041992 2.3181006908416748047
1.309262394905090332 1.2704560756683349609 1.246556401252746582 2.0476644039154052734 2.5811016559600830078 3.0047919750213623047 1.8087773323059082031 2.5729303359985351562 1.664334416389465332 4.2191715240478515625 2.4431102275848388672 1.5096012353897094727 1.5406404733657836914 2.0275502204895019531 1.5939081907272338867 2.183704376220703125 2.2935631275177001953 2.3960740566253662109 2.3519930839538574219 3.0945730209350585938 1.0591595172882080078 2.5647287368774414062 5.049007415771484375 2.3906109333038330078 1.3704758882522583008 1.6651777029037475586 3.4722208976745605469 3.4452276229858398438 2.4522528648376464844 2.6375598907470703125 0.98497968912124633789 1.5130829811096191406 3.1211266517639160156 1.503756403923034668 1.7453180551528930664 3.0291180610656738281 3.4962513446807861328 2.7585167884826660156 2.5830261707305908203 1.4644265174865722656 0.75265902280807495117 1.4506577253341674805 2.1515929698944091797
2.1550502777099609375 2.2925908565521240234 1.3280489444732666016 1.6505783796310424805 2.2021379470825195312 4.3104758262634277344 1.3332791328430175781 2.6994280815124511719 1.6218384504318237305 3.7943768501281738281 2.3150360584259033203 1.3672379255294799805 2.5927591323852539062 2.5397858619689941406 3.1334886550903320312 2.7853481769561767578 2.8894641399383544922 1.5014317035675048828 2.6744184494018554688 1.4486726522445678711 2.5637142658233642578 2.7404758930206298828 2.2632679939270019531 2.0037539005279541016 1.5650793313980102539 1.0340539216995239258 2.8590946197509765625 4.6719121932983398438 1.7978492975234985352 4.6912016868591308594 1.2663271427154541016 1.7453038692474365234 3.1339864730834960938 2.9456770420074462891 2.5779621601104736328 2.1137456893920898438 2.5478229522705078125 5.1889882087707519531 4.5052142143249511719 0.90273052453994750977 0.5902245640754699707 1.3198908567428588867 2.0177638530731201172
3.4809446334838867188 2.2553522586822509766 1.7554916143417358398 1.7232315540313720703 2.3369572162628173828 3.2569193840026855469 2.7136828899383544922 3.4327785968780517578 2.3366935253143310547 2.1947205066680908203 1.4867573976516723633 3.3166062831878662109 4.57729339599609375 2.4640717506408691406 2.4329788684844970703 3.0962038040161132812 2.9115276336669921875 2.0084965229034423828 2.6755287647247314453 3.0928699970245361328 3.6038119792938232422 1.8018865585327148438 1.0658117532730102539 0.62919133901596069336 1.5967148542404174805 1.1696845293045043945 2.4054720401763916016 3.8006846904754638672 1.8920476436614990234 3.0162978172302246094 1.5711013078689575195 4.1771578788757324219 2.7703311443328857422 1.5262218713760375977 2.9500703811645507812 2.5599310398101806641 2.3935346603393554688 3.7954814434051513672 2.918102264404296875 1.8774788379669189453 1.1191475391387939453 2.2191836833953857422 2.2805397510528564453
4.0409398078918457031 2.1692173480987548828 1.2077155113220214844 1.1665397882461547852 0.95836728811264038086 1.5786135196685791016 3.1445086002349853516 3.1978602409362792969 3.5001072883605957031 1.4759311676025390625 2.2281653881072998047 2.2335119247436523438 3.5098206996917724609 3.4500901699066162109 1.7551748752593994141 2.9005551338195800781 2.0351624488830566406 2.5841801166534423828 2.4794051647186279297 4.2968020439147949219 3.2740867137908935547 1.5172922611236572266 1.4992913007736206055 0.71208024024963378906 1.1281846761703491211 1.4049828052520751953 3.0876116752624511719 3.1499390602111816406 1.2751946449279785156 2.0284862518310546875 2.6043813228607177734 4.4795436859130859375 2.2377898693084716797 1.1864882707595825195 2.9190933704376220703 2.7512524127960205078 2.1161851882934570312 2.4374713897705078125 2.0321936607360839844 1.8565415143966674805 2.5422773361206054688 2.7899837493896484375 0.98062336444854736328
2.4531664848327636719 1.5401912927627563477 1.9122502803802490234 2.4269320964813232422 1.0270688533782958984 1.4748359918594360352 2.1670458316802978516 2.8320128917694091797 3.4869184494018554688 2.0055632591247558594 1.6800059080123901367 1.4675621986389160156 3.5497286319732666016 3.3728916645050048828 1.0900647640228271484 2.5613460540771484375 1.6112679243087768555 2.4707736968994140625 1.4275513887405395508 3.1536223888397216797 2.6029789447784423828 1.6006046533584594727 1.0836725234985351562 1.2884228229522705078 1.3589489459991455078 1.9475580453872680664 3.9079568386077880859 3.8941829204559326172 0.95427846908569335938 1.4863582849502563477 3.7706272602081298828 1.699115753173828125 3.5202455520629882812 1.5104554891586303711 2.0259244441986083984 2.6642336845397949219 2.3778710365295410156 2.8164486885070800781 2.2709205150604248047 2.1082165241241455078 2.2606112957000732422 2.5603563785552978516 1.189055323600769043
2.6728565692901611328 1.2144848108291625977 3.9264521598815917969 3.8974337577819824219 1.0952936410903930664 0.99682247638702392578 1.3744200468063354492 2.0436911582946777344 1.3571916818618774414 1.2927194833755493164 2.1694269180297851562 1.5206018686294555664 2.6133396625518798828 1.7087079286575317383 0.65578925609588623047 1.8480817079544067383 1.1565169095993041992 2.1600754261016845703 3.1126339435577392578 3.2774426937103271484 1.529557347297668457 1.6659467220306396484 0.94329011440277099609 1.1786725521087646484 0.95051503181457519531 1.520397186279296875 3.5294511318206787109 1.5083347558975219727 1.4216953516006469727 1.6893328428268432617 3.0812423229217529297 2.1145653724670410156 2.0666267871856689453 1.0502824783325195312 1.5782016515731811523 2.255687713623046875 2.2511997222900390625 3.4114768505096435547 2.6496331691741943359 1.3780245780944824219 2.0078508853912353516 3.2850689888000488281 3.0849428176879882812
2.9155488014221191406 0.90210878849029541016 2.6655440330505371094 2.5409982204437255859 3.0118811130523681641 1.2921845912933349609 1.1910524368286132812 1.4482259750366210938 1.1322461366653442383 2.0554926395416259766 2.7217333316802978516 0.83385694026947021484 2.8663613796234130859 2.6699235439300537109 1.748714447021484375 1.2847170829772949219 1.2341761589050292969 2.0314538478851318359 3.1389400959014892578 1.7798858880996704102 1.302302241325378418 2.6233694553375244141 1.0999093055725097656 1.871003270149230957 1.461371302604675293 2.4950554370880126953 3.2690050601959228516 1.5945311784744262695 2.4591794013977050781 2.4264900684356689453 2.2757408618927001953 2.0666747093200683594 2.0212125778198242188 1.0500382184982299805 0.96493744850158691406 2.1996355056762695312 5.999111175537109375 3.1546759605407714844 2.5111005306243896484 1.9430676698684692383 2.2853212356567382812 3.2505354881286621094 3.6104729175567626953
1.590457916259765625 0.67432880401611328125 1.8630762100219726562 4.138431549072265625 3.5617270469665527344 1.5464310646057128906 1.2195450067520141602 2.3438210487365722656 0.93246960639953613281 2.2679932117462158203 3.4959290027618408203 1.7598503828048706055 2.4286696910858154297 2.2239973545074462891 2.4564383029937744141 2.6603732109069824219 2.3674015998840332031 2.7001242637634277344 2.6372132301330566406 2.5354006290435791016 2.3166413307189941406 1.7321066856384277344 1.9059847593307495117 1.8658057451248168945 2.7656304836273193359 4.0731353759765625 4.5177836418151855469 2.987762451171875 2.9425399303436279297 2.4770870208740234375 2.7927892208099365234 2.5283191204071044922 2.6608135700225830078 0.79623723030090332031 1.4217504262924194336 3.5922658443450927734 4.3496575355529785156 2.2001373767852783203 2.3907859325408935547 1.7877140045166015625 2.194850921630859375 1.8583495616912841797 3.8334345817565917969
