Forest_LCP_Outputs/canopy_height.asc
ncols        250
nrows        253
xllcorner    -2044817.845419629943
yllcorner    2022214.475814298494
cellsize     26.855736874859
NODATA_value 0
[rows 152 to 170 of 253, columns 172 to 214 of 250]
10.618509292602539062 14.1655426025390625 9.8736753463745117188 11.410036087036132812 9.2102098464965820312 16.6096343994140625 13.678280830383300781 4.5912809371948242188 9.0594005584716796875 20.257944107055664062 19.43093109130859375 12.057825088500976562 12.890844345092773438 19.201839447021484375 6.4494161605834960938 2.9772636890411376953 15.316037178039550781 13.148001670837402344 23.340425491333007812 16.815713882446289062 8.5071687698364257812 9.2834329605102539062 15.445635795593261719 6.3485484123229980469 13.592392921447753906 9.920566558837890625 15.40314483642578125 19.61600494384765625 11.123129844665527344 15.795674324035644531 13.176751136779785156 8.2189073562622070312 4.9563879966735839844 12.364288330078125 18.378223419189453125 13.560556411743164062 15.682833671569824219 11.762360572814941406 16.126047134399414062 10.220058441162109375 3.7326338291168212891 15.228055953979492188 12.709863662719726562
5.5213179588317871094 22.552812576293945312 8.7647218704223632812 19.048847198486328125 9.20212554931640625 20.270351409912109375 14.6182708740234375 5.3397121429443359375 6.8540143966674804688 19.4813690185546875 16.341686248779296875 7.7924046516418457031 10.16571044921875 10.944676399230957031 5.0460557937622070312 5.636142730712890625 12.337500572204589844 18.905155181884765625 14.258602142333984375 5.875530242919921875 1.1323763132095336914 7.5921850204467773438 16.434984207153320312 17.320993423461914062 20.79587554931640625 12.569359779357910156 10.026569366455078125 12.853803634643554688 11.608453750610351562 13.912675857543945312 13.949477195739746094 15.659255027770996094 6.3495125770568847656 9.9627008438110351562 21.75511932373046875 10.553073883056640625 7.474300384521484375 7.8205556869506835938 24.456983566284179688 7.9242029190063476562 5.4794473648071289062 6.8376603126525878906 2.2714908123016357422
3.3636450767517089844 23.959070205688476562 9.6367139816284179688 15.614663124084472656 16.50617218017578125 19.590862274169921875 16.153951644897460938 10.408605575561523438 13.407523155212402344 10.150240898132324219 16.091817855834960938 15.806423187255859375 12.133324623107910156 11.145526885986328125 9.8175649642944335938 8.4690217971801757812 14.822992324829101562 15.687079429626464844 11.041283607482910156 9.7647037506103515625 6.0821967124938964844 10.001694679260253906 17.841888427734375 24.495744705200195312 17.27239227294921875 14.1118316650390625 14.893838882446289062 10.857019424438476562 11.464920997619628906 9.2795124053955078125 9.1529893875122070312 18.239801406860351562 7.0722603797912597656 8.9575223922729492188 21.5458831787109375 17.932992935180664062 10.216913223266601562 17.55237579345703125 21.217418670654296875 10.0629119873046875 2.4178898334503173828 1.1079859733581542969 1.4012984643248170709e-45
8.5102701187133789062 16.711071014404296875 11.684557914733886719 16.033399581909179688 12.983347892761230469 20.70111083984375 14.348923683166503906 9.2696275711059570312 12.135064125061035156 12.766435623168945312 18.548496246337890625 21.949304580688476562 19.560514450073242188 9.1189870834350585938 11.908628463745117188 11.30621337890625 17.095075607299804688 4.5252003669738769531 6.3351435661315917969 12.337091445922851562 16.776119232177734375 6.4666991233825683594 17.32042694091796875 19.966815948486328125 13.105811119079589844 18.226955413818359375 11.237440109252929688 5.5419816970825195312 11.409129142761230469 3.3081500530242919922 23.3295440673828125 16.440313339233398438 8.5500202178955078125 7.9446535110473632812 13.496365547180175781 12.336508750915527344 14.460522651672363281 12.154461860656738281 2.6668260097503662109 6.2354669570922851562 0.71382254362106323242 1.4012984643248170709e-45 1.4012984643248170709e-45
10.850221633911132812 17.133947372436523438 18.745351791381835938 9.0857820510864257812 9.0585527420043945312 18.996969223022460938 6.6251516342163085938 17.454114913940429688 12.347906112670898438 18.84320831298828125 17.0915374755859375 9.1458654403686523438 5.7964935302734375 1.5524487495422363281 16.980707168579101562 6.7792949676513671875 4.0545115470886230469 8.84027862548828125 3.9323446750640869141 2.4832973480224609375 5.7801375389099121094 10.83902740478515625 20.625558853149414062 12.071713447570800781 0.34371954202651977539 7.3827524185180664062 7.3847012519836425781 4.3096098899841308594 9.3735017776489257812 13.53397369384765625 11.078724861145019531 16.045429229736328125 11.292859077453613281 3.6887598037719726562 13.87397003173828125 5.3355665206909179688 8.960479736328125 7.6406664848327636719 1.4793746471405029297 21.823884963989257812 4.0076961517333984375 7.6411719322204589844 1.4012984643248170709e-45
22.879388809204101562 24.918788909912109375 14.612812995910644531 9.768917083740234375 10.494294166564941406 13.838132858276367188 14.818143844604492188 14.893758773803710938 14.936711311340332031 10.264127731323242188 2.1290147304534912109 13.748782157897949219 1.4012984643248170709e-45 0.79205405712127685547 9.7258892059326171875 6.2075247764587402344 11.682674407958984375 16.548002243041992188 5.5635528564453125 14.772310256958007812 12.795131683349609375 13.877612113952636719 14.442203521728515625 18.77098846435546875 0.038518130779266357422 1.9236391782760620117 4.0048747062683105469 8.8359775543212890625 14.991734504699707031 13.114125251770019531 8.7676372528076171875 16.587511062622070312 18.982419967651367188 1.9097094535827636719 4.2242980003356933594 1.4012984643248170709e-45 2.6587545871734619141 16.865163803100585938 0.87694621086120605469 5.0355672836303710938 7.1518063545227050781 7.709197998046875 0.33399930596351623535
18.381175994873046875 16.636934280395507812 12.393399238586425781 14.075872421264648438 13.304368019104003906 11.523729324340820312 13.740407943725585938 9.4048786163330078125 12.775292396545410156 0.0012872628867626190186 1.3919900655746459961 14.576239585876464844 7.9396939277648925781 2.4446890354156494141 8.6286468505859375 7.3355584144592285156 17.234739303588867188 18.814336776733398438 4.9947419166564941406 9.6464872360229492188 8.686397552490234375 11.357222557067871094 9.1700391769409179688 15.69686126708984375 1.4012984643248170709e-45 1.4012984643248170709e-45 3.0245516300201416016 15.225207328796386719 9.403736114501953125 2.53794097900390625 4.6704535484313964844 12.157397270202636719 24.069791793823242188 1.4012984643248170709e-45 1.4012984643248170709e-45 1.4012984643248170709e-45 1.9741319417953491211 0.48188552260398864746 1.4012984643248170709e-45 3.0797257423400878906 6.2275214195251464844 0.40865021944046020508 8.922607421875
16.424762725830078125 11.700918197631835938 13.201672554016113281 14.292020797729492188 3.7997226715087890625 4.183490753173828125 17.447734832763671875 3.6082634925842285156 15.755328178405761719 4.242351531982421875 9.7497320175170898438 11.438210487365722656 18.619623184204101562 7.2605376243591308594 3.1038858890533447266 1.2403429746627807617 20.702152252197265625 17.204248428344726562 5.6873531341552734375 2.5127823352813720703 4.0753421783447265625 10.711857795715332031 23.061960220336914062 23.041837692260742188 7.1314339637756347656 0.4057254791259765625 9.1918849945068359375 3.9259920120239257812 1.8308978080749511719 1.4429134130477905273 0.64590305089950561523 4.4667887687683105469 10.079359054565429688 3.4161946773529052734 1.4012984643248170709e-45 1.4012984643248170709e-45 18.307220458984375 3.8773853778839111328 1.4012984643248170709e-45 9.2370176315307617188 18.72409820556640625 2.4461150169372558594 10.549151420593261719
21.688928604125976562 11.64151763916015625 21.647340774536132812 0.58234101533889770508 0.079915799200534820557 3.3631279468536376953 11.346491813659667969 3.3493993282318115234 7.8223204612731933594 5.1525607109069824219 9.2374134063720703125 1.938042759895324707 4.9817686080932617188 2.3980515003204345703 0.12370172888040542603 4.8813824653625488281 17.448572158813476562 1.3831951618194580078 2.7065300941467285156 0.73685532808303833008 4.3603138923645019531 6.3133759498596191406 6.8405857086181640625 17.877908706665039062 12.149282455444335938 0.14546680450439453125 8.4417009353637695312 11.419384956359863281 5.3655300140380859375 4.7110605239868164062 3.6684749126434326172 8.57879638671875 13.241887092590332031 4.530853271484375 1.8739920854568481445 1.2291132211685180664 12.703932762145996094 9.6451368331909179688 4.505878448486328125 8.1714677810668945312 9.6158123016357421875 10.357181549072265625 12.926484107971191406
22.971540451049804688 18.947895050048828125 2.1315972805023193359 1.4012984643248170709e-45 1.4012984643248170709e-45 1.744571685791015625 0.58951514959335327148 6.5718808174133300781 9.33846282958984375 1.1963686943054199219 8.2240533828735351562 0.34619542956352233887 9.1408481597900390625 6.6487145423889160156 1.3479572534561157227 10.189098358154296875 23.1329345703125 9.6656026840209960938 1.0624424219131469727 0.43347543478012084961 20.09346771240234375 15.211007118225097656 2.3373780250549316406 12.674169540405273438 13.8287353515625 5.4515666961669921875 11.76314544677734375 11.667975425720214844 9.5994396209716796875 10.669474601745605469 4.2222533226013183594 2.4385447502136230469 9.0989360809326171875 1.9047985076904296875 8.7724390029907226562 17.335344314575195312 13.086480140686035156 13.757805824279785156 5.1218533515930175781 9.4624032974243164062 13.416514396667480469 16.377302169799804688 15.778840065002441406
18.456586837768554688 21.722414016723632812 17.757974624633789062 6.0659761428833007812 6.6391916275024414062 6.9020543098449707031 1.191933751106262207 2.1381258964538574219 4.3586211204528808594 1.4012984643248170709e-45 1.4012984643248170709e-45 0.27516159415245056152 5.8052816390991210938 5.9405870437622070312 0.29453858733177185059 7.8019495010375976562 19.585561752319335938 6.0620622634887695312 0.1060565561056137085 0.29647901654243469238 8.7620849609375 4.8007020950317382812 6.2568469047546386719 7.0073413848876953125 3.8108193874359130859 1.2440780401229858398 2.1239829063415527344 9.8671522140502929688 6.1337442398071289062 0.56819188594818115234 0.04976626858115196228 1.4273073673248291016 2.4516954421997070312 2.6837995052337646484 12.009952545166015625 15.069336891174316406 9.9109468460083007812 9.8660173416137695312 5.6376395225524902344 13.204273223876953125 11.49224090576171875 19.539308547973632812 15.334710121154785156
5.4278750419616699219 15.410063743591308594 17.834308624267578125 4.8047809600830078125 18.459079742431640625 0.76096922159194946289 1.4012984643248170709e-45 1.4012984643248170709e-45 1.4012984643248170709e-45 1.4012984643248170709e-45 1.4012984643248170709e-45 1.4012984643248170709e-45 6.2129807472229003906 5.3119406700134277344 0.41422691941261291504 19.842193603515625 12.15161895751953125 11.451397895812988281 0.44068694114685058594 1.4012984643248170709e-45 1.0987836122512817383 8.8985414505004882812 7.1541509628295898438 3.9774167537689208984 1.3677393198013305664 1.4012984643248170709e-45 1.4012984643248170709e-45 0.043248109519481658936 1.4338061809539794922 9.6557149887084960938 9.5123453140258789062 5.1660647392272949219 7.6728434562683105469 5.1733107566833496094 3.6702680587768554688 12.441533088684082031 3.1032888889312744141 14.408033370971679688 0.97751003503799438477 16.779897689819335938 8.1659593582153320312 8.958892822265625 10.96858978271484375
9.5729703903198242188 8.0695085525512695312 9.1909227371215820312 4.9334349632263183594 10.584402084350585938 12.034576416015625 1.4012984643248170709e-45 1.4012984643248170709e-45 1.4012984643248170709e-45 1.4012984643248170709e-45 1.4012984643248170709e-45 1.4012984643248170709e-45 5.4708218574523925781 9.6407756805419921875 0.22559589147567749023 5.2326526641845703125 10.124676704406738281 15.793341636657714844 1.9986364841461181641 1.4012984643248170709e-45 7.2561068534851074219 12.832490921020507812 4.3048148155212402344 0.049426108598709106445 15.878259658813476562 4.6996145248413085938 1.367443084716796875 2.7196342945098876953 3.3954410552978515625 5.7705593109130859375 11.599866867065429688 11.299967765808105469 16.03270721435546875 10.207100868225097656 0.36433169245719909668 18.867864608764648438 3.93094635009765625 7.643474578857421875 5.1353411674499511719 8.8210887908935546875 4.9844365119934082031 6.4409551620483398438 11.332294464111328125
7.1465120315551757812 5.6564178466796875 8.269458770751953125 7.0828146934509277344 5.8042111396789550781 2.2857749462127685547 1.4012984643248170709e-45 1.4012984643248170709e-45 1.4012984643248170709e-45 1.4012984643248170709e-45 1.4012984643248170709e-45 1.4012984643248170709e-45 5.21242523193359375 16.600128173828125 1.4012984643248170709e-45 2.2015321254730224609 12.30217742919921875 16.67292022705078125 10.340488433837890625 0.84194403886795043945 12.065379142761230469 2.5969970226287841797 10.364660263061523438 11.11200714111328125 11.825941085815429688 5.9690608978271484375 8.0282125473022460938 8.1979999542236328125 2.8735270500183105469 10.076609611511230469 14.8902740478515625 11.830092430114746094 20.016305923461914062 8.8223810195922851562 6.9493532180786132812 16.11261749267578125 17.60057830810546875 17.152963638305664062 8.28171539306640625 7.1504645347595214844 4.1548819541931152344 2.2852907180786132812 17.754076004028320312
6.0566020011901855469 8.3406429290771484375 13.214835166931152344 23.292028427124023438 4.1893291473388671875 1.4012984643248170709e-45 1.4012984643248170709e-45 1.4012984643248170709e-45 1.4012984643248170709e-45 1.4012984643248170709e-45 1.9722021818161010742 3.3804125785827636719 0.39402636885643005371 3.7666151523590087891 7.2501430511474609375 9.1850156784057617188 8.1393651962280273438 11.145012855529785156 7.5731959342956542969 7.8382878303527832031 4.089321136474609375 0.097304865717887878418 1.4318475723266601562 4.6253719329833984375 9.1535167694091796875 6.5583286285400390625 3.3942010402679443359 12.234357833862304688 1.5362817049026489258 16.067546844482421875 12.729785919189453125 6.5786800384521484375 10.490804672241210938 14.727569580078125 9.9040765762329101562 13.733645439147949219 9.3488874435424804688 18.659696578979492188 11.861024856567382812 7.0335569381713867188 4.2366085052490234375 20.582811355590820312 11.123058319091796875
7.177204132080078125 3.2773809432983398438 0.087746076285839080811 5.0237708091735839844 0.91791331768035888672 4.7830071449279785156 1.4012984643248170709e-45 1.4012984643248170709e-45 2.5559308528900146484 9.3703365325927734375 8.2246789932250976562 13.435303688049316406 8.1016101837158203125 15.999262809753417969 16.561697006225585938 12.169717788696289062 3.0296413898468017578 11.945247650146484375 4.7736382484436035156 7.6820583343505859375 1.214313507080078125 1.7664897441864013672 1.8632863759994506836 10.34938812255859375 14.042148590087890625 3.7573843002319335938 16.586282730102539062 10.853598594665527344 4.034114837646484375 11.293382644653320312 6.9182672500610351562 10.536624908447265625 14.73954010009765625 16.520280838012695312 11.865180015563964844 19.036020278930664062 16.53014373779296875 21.239271163940429688 11.66970062255859375 7.8834776878356933594 11.007079124450683594 14.172762870788574219 2.5562896728515625
1.8371677398681640625 8.407989501953125 1.8863290548324584961 1.4012984643248170709e-45 3.3681652545928955078 7.5730276107788085938 1.4012984643248170709e-45 3.8770000934600830078 6.7608098983764648438 17.93466949462890625 2.9611535072326660156 3.2909746170043945312 14.072675704956054688 21.193538665771484375 12.596684455871582031 9.9149332046508789062 5.6919355392456054688 4.8748936653137207031 5.5111136436462402344 8.0409212112426757812 8.6754407882690429688 5.9521512985229492188 12.584847450256347656 15.1094970703125 9.7790594100952148438 6.7733750343322753906 17.09104156494140625 10.893075942993164062 13.00315093994140625 13.257598876953125 9.4671945571899414062 11.997405052185058594 17.077117919921875 4.9480810165405273438 10.121473312377929688 9.7497262954711914062 21.193559646606445312 15.7344970703125 8.0666866302490234375 7.314571380615234375 12.606808662414550781 12.650647163391113281 3.0772919654846191406
1.4012984643248170709e-45 6.1810832023620605469 6.0358462333679199219 1.4012984643248170709e-45 1.4012984643248170709e-45 7.9805378913879394531 1.4538778066635131836 2.7058529853820800781 13.189380645751953125 8.4203338623046875 9.7189092636108398438 12.134234428405761719 12.912486076354980469 12.188432693481445312 1.5582059621810913086 1.0898690223693847656 0.82475680112838745117 2.5802011489868164062 11.013471603393554688 15.689381599426269531 17.834600448608398438 15.071319580078125 14.707831382751464844 8.0313129425048828125 11.747124671936035156 6.7037215232849121094 9.058185577392578125 15.100695610046386719 6.8908352851867675781 10.354893684387207031 14.165805816650390625 9.1835603713989257812 19.522478103637695312 12.271840095520019531 7.0495104789733886719 12.961210250854492188 15.33404541015625 17.622621536254882812 20.162143707275390625 16.760715484619140625 12.035627365112304688 19.070749282836914062 3.7096199989318847656
1.4012984643248170709e-45 2.6406040191650390625 1.7180135250091552734 1.4012984643248170709e-45 1.4012984643248170709e-45 4.6095671653747558594 1.4012984643248170709e-45 4.7938232421875 20.149517059326171875 10.758576393127441406 5.9410791397094726562 4.1361145973205566406 7.3801074028015136719 3.3288359642028808594 0.035628903657197952271 2.0641963481903076172 0.10161641240119934082 3.5117878913879394531 8.7684984207153320312 20.203474044799804688 21.64109039306640625 14.470361709594726562 12.696358680725097656 8.0315456390380859375 7.5570034980773925781 12.064339637756347656 2.7684133052825927734 8.2706308364868164062 17.904241561889648438 16.475267410278320312 11.835625648498535156 15.125484466552734375 18.403253555297851562 9.0600423812866210938 8.0827322006225585938 14.180708885192871094 7.2776932716369628906 16.839725494384765625 6.5392589569091796875 12.967577934265136719 6.4998617172241210938 13.412799835205078125 8.3738803863525390625
