Forest_LCP_Outputs/canopy_cover.asc
ncols        250
nrows        253
xllcorner    -2044817.845419629943
yllcorner    2022214.475814298494
cellsize     26.855736874859
NODATA_value 0
[rows 76 to 94 of 253, columns 172 to 214 of 250]
0.40778127312660217285 0.36181974411010742188 0.66703778505325317383 0.63395714759826660156 0.88136494159698486328 1.3239916563034057617 0.63647514581680297852 0.077716074883937835693 1.4012984643248170709e-45 1.4012984643248170709e-45 0.85379254817962646484 0.55453401803970336914 0.4181569516658782959 1.615877985954284668 2.2828395366668701172 0.74010640382766723633 0.05216139182448387146 2.4090187549591064453 1.9209808111190795898 0.18034073710441589355 1.4012984643248170709e-45 0.0027241702191531658173 0.16708847880363464355 1.4012984643248170709e-45 1.4012984643248170709e-45 1.4012984643248170709e-45 0.045438677072525024414 0.56213206052780151367 0.76258713006973266602 2.0705852508544921875 2.3799052238464355469 1.8031648397445678711 1.2168310880661010742 0.66608661413192749023 2.5959675312042236328 1.6623876094818115234 2.8511013984680175781 2.0190026760101318359 1.5119568109512329102 1.5212383270263671875 1.3992447853088378906 1.4082996845245361328 2.9189822673797607422
0.96503943204879760742 0.42109766602516174316 0.18910953402519226074 0.066493682563304901123 1.4012984643248170709e-45 0.85434031486511230469 0.41153886914253234863 0.72475105524063110352 1.3974738121032714844 0.29583460092544555664 1.1968541145324707031 1.7144852876663208008 1.6458345651626586914 1.0555373430252075195 1.3332329988479614258 1.1426476240158081055 0.047982733696699142456 2.1596257686614990234 2.7332856655120849609 0.67984992265701293945 1.4012984643248170709e-45 0.012006122618913650513 1.4012984643248170709e-45 1.4012984643248170709e-45 1.4012984643248170709e-45 1.4012984643248170709e-45 0.67319756746292114258 2.3371901512145996094 1.3776994943618774414 2.4011745452880859375 2.4547088146209716797 1.6962064504623413086 1.6900361776351928711 1.2908509969711303711 3.0997483730316162109 2.8672702312469482422 3.2587392330169677734 2.0764787197113037109 2.3122615814208984375 1.1767433881759643555 1.0155706405639648438 2.5231339931488037109 2.4086561203002929688
1.7370417118072509766 1.1004734039306640625 0.33662062883377075195 0.2924696505069732666 0.26589527726173400879 2.1713261604309082031 2.1352493762969970703 2.2636537551879882812 1.5166631937026977539 0.73967802524566650391 1.2791582345962524414 0.97385334968566894531 2.4254240989685058594 0.89623856544494628906 2.7065451145172119141 3.7892560958862304688 1.4012984643248170709e-45 0.32192903757095336914 1.8005555868148803711 1.1376202106475830078 1.4012984643248170709e-45 0.88759130239486694336 0.36172941327095031738 1.4012984643248170709e-45 0.28129950165748596191 1.4012984643248170709e-45 2.0609633922576904297 2.0552990436553955078 0.72489249706268310547 1.3123306035995483398 1.3425253629684448242 1.3483819961547851562 1.2374175786972045898 0.81195241212844848633 2.5837566852569580078 1.9282593727111816406 2.7692492008209228516 1.8971985578536987305 2.517765045166015625 1.8481162786483764648 1.2988741397857666016 2.2103276252746582031 1.9904646873474121094
0.40685668587684631348 0.45124730467796325684 0.21574069559574127197 0.35061189532279968262 0.43031686544418334961 1.5532091856002807617 1.9239585399627685547 1.110270380973815918 0.6292629241943359375 2.4351301193237304688 1.4748741388320922852 0.370204925537109375 1.9772657155990600586 1.0837337970733642578 3.0384531021118164062 3.0489816665649414062 0.79140377044677734375 1.4012984643248170709e-45 0.34938812255859375 0.2174866795539855957 1.4012984643248170709e-45 1.2745392322540283203 0.070446692407131195068 0.096299752593040466309 1.5448319911956787109 0.28195452690124511719 1.0889660120010375977 0.18388406932353973389 1.0789781808853149414 1.2931877374649047852 1.7569769620895385742 1.7273405790328979492 1.3957886695861816406 0.64331924915313720703 2.5030057430267333984 0.85760349035263061523 3.0852396488189697266 3.275539398193359375 1.7457588911056518555 1.7763408422470092773 1.5813060998916625977 2.8633480072021484375 1.9217544794082641602
0.038630858063697814941 1.4012984643248170709e-45 1.4012984643248170709e-45 0.035901639610528945923 0.10080796480178833008 0.64681673049926757812 0.22702579200267791748 1.4012984643248170709e-45 0.095576822757720947266 4.2313256263732910156 1.4592690467834472656 1.199437260627746582 1.0607308149337768555 0.85304337739944458008 1.5618385076522827148 2.1188199520111083984 1.493381500244140625 0.14347258210182189941 0.27816095948219299316 0.0080380802974104881287 0.47665464878082275391 0.85032027959823608398 1.4012984643248170709e-45 0.23753137886524200439 0.66083425283432006836 1.4012984643248170709e-45 0.051384232938289642334 1.4012984643248170709e-45 0.70686000585556030273 1.8516231775283813477 2.1307528018951416016 1.6468042135238647461 1.6318640708923339844 1.311389923095703125 2.1457390785217285156 1.4355119466781616211 2.3726346492767333984 2.8297939300537109375 2.8400511741638183594 1.868357539176940918 2.4809992313385009766 2.9739778041839599609 3.2063856124877929688
0.37558391690254211426 1.4012984643248170709e-45 1.4012984643248170709e-45 1.4012984643248170709e-45 0.01056454051285982132 1.4012984643248170709e-45 0.030046056956052780151 0.23053559660911560059 0.64098107814788818359 1.9227068424224853516 1.9507125616073608398 1.7375036478042602539 0.54587942361831665039 0.10894355922937393188 1.343934178352355957 1.5251594781875610352 2.3362967967987060547 0.33167552947998046875 0.12821483612060546875 0.49010863900184631348 1.6947107315063476562 1.1305532455444335938 1.4012984643248170709e-45 1.4012984643248170709e-45 1.4012984643248170709e-45 1.4012984643248170709e-45 1.4012984643248170709e-45 1.4012984643248170709e-45 0.080613464117050170898 1.6686856746673583984 1.4659384489059448242 1.7846108675003051758 2.9317142963409423828 2.8148791790008544922 1.4962873458862304688 2.0150301456451416016 1.7190588712692260742 2.83624267578125 2.4459192752838134766 2.3280611038208007812 1.4206509590148925781 1.926411747932434082 2.9295034408569335938
2.5006463527679443359 2.9680440425872802734 0.12196899950504302979 0.084270201623439788818 0.45161452889442443848 0.63396453857421875 0.42621743679046630859 0.84136611223220825195 2.4158432483673095703 1.3376910686492919922 1.8736830949783325195 0.64729964733123779297 0.090355843305587768555 1.4012984643248170709e-45 1.392663121223449707 1.8421934843063354492 1.7564629316329956055 1.2684922218322753906 1.4012984643248170709e-45 0.92051273584365844727 0.89250725507736206055 0.15721695125102996826 1.4012984643248170709e-45 1.4012984643248170709e-45 1.4012984643248170709e-45 1.4012984643248170709e-45 1.4012984643248170709e-45 1.4012984643248170709e-45 1.4012984643248170709e-45 1.7378498315811157227 2.9605665206909179688 1.6338634490966796875 2.3850307464599609375 1.9036648273468017578 1.1159498691558837891 1.8297314643859863281 3.7726082801818847656 3.5406644344329833984 1.3472748994827270508 1.9622137546539306641 1.5624799728393554688 1.1524637937545776367 1.4891202449798583984
3.8363606929779052734 5.1968979835510253906 0.47314232587814331055 1.1520658731460571289 1.5020573139190673828 0.82209002971649169922 0.56093490123748779297 0.48863595724105834961 2.0824620723724365234 0.79885530471801757812 0.69351267814636230469 0.12515008449554443359 0.51049727201461791992 0.55897432565689086914 1.2179342508316040039 1.8696578741073608398 1.8208948373794555664 1.9161572456359863281 0.33671429753303527832 0.95315760374069213867 0.090455338358879089355 1.4012984643248170709e-45 1.4012984643248170709e-45 1.4012984643248170709e-45 1.4012984643248170709e-45 1.4012984643248170709e-45 1.4012984643248170709e-45 1.4012984643248170709e-45 1.4012984643248170709e-45 3.9413943290710449219 4.5822248458862304688 2.10546875 1.5048613548278808594 0.67612808942794799805 1.4866733551025390625 2.5995569229125976562 3.724658966064453125 2.7124643325805664062 1.7674337625503540039 1.9535521268844604492 1.0780686140060424805 1.5590333938598632812 2.4168195724487304688
1.0450664758682250977 1.1966874599456787109 0.2440862506628036499 1.3308140039443969727 0.59788775444030761719 0.23595264554023742676 0.51729243993759155273 0.025208916515111923218 1.1589679718017578125 1.6396526098251342773 1.0100848674774169922 1.0255846977233886719 1.9020681381225585938 1.2248362302780151367 0.4537900090217590332 1.2575602531433105469 1.2472205162048339844 2.6250717639923095703 0.19120277464389801025 2.2727780342102050781 1.4012984643248170709e-45 1.4012984643248170709e-45 1.4012984643248170709e-45 1.4012984643248170709e-45 1.4012984643248170709e-45 1.4012984643248170709e-45 1.4012984643248170709e-45 1.4012984643248170709e-45 0.17756539583206176758 3.6476078033447265625 2.8127055168151855469 2.0148949623107910156 1.8114081621170043945 1.0809228420257568359 1.6100317239761352539 2.0876009464263916016 1.4361737966537475586 0.81371712684631347656 0.97340083122253417969 1.0155086517333984375 1.0865826606750488281 2.2432496547698974609 2.8853030204772949219
1.9998568296432495117 0.5211423039436340332 1.2411056756973266602 0.39863908290863037109 0.20623667538166046143 1.0989207029342651367 3.1760747432708740234 1.3033616542816162109 2.0123374462127685547 1.4277582168579101562 0.75349962711334228516 2.0960488319396972656 1.8903371095657348633 1.0967780351638793945 0.074334189295768737793 1.9582266807556152344 0.71060085296630859375 3.1935811042785644531 0.82789427042007446289 0.7476940155029296875 1.4012984643248170709e-45 1.4012984643248170709e-45 1.4012984643248170709e-45 1.4012984643248170709e-45 1.4012984643248170709e-45 1.4012984643248170709e-45 1.4012984643248170709e-45 0.13271364569664001465 1.142207026481628418 2.3259410858154296875 1.8954411745071411133 1.1491525173187255859 1.8772064447402954102 1.7305797338485717773 1.2851787805557250977 1.1845108270645141602 0.79031312465667724609 0.40780293941497802734 0.65180355310440063477 0.93716871738433837891 1.8996232748031616211 1.8300671577453613281 2.7983708381652832031
2.5464696884155273438 0.095354788005352020264 1.5499782562255859375 0.99957525730133056641 0.94805955886840820312 2.2633440494537353516 3.4797151088714599609 2.0335602760314941406 1.1199754476547241211 0.77396130561828613281 1.9078898429870605469 3.1790659427642822266 0.076210379600524902344 0.21496444940567016602 0.20881810784339904785 0.82631510496139526367 1.4987635612487792969 3.2038114070892333984 1.9228788614273071289 1.7367321252822875977 0.33930534124374389648 1.4012984643248170709e-45 0.47777661681175231934 1.4012984643248170709e-45 1.4012984643248170709e-45 1.4012984643248170709e-45 1.4012984643248170709e-45 0.82636338472366333008 1.8930242061614990234 2.7432308197021484375 1.6264945268630981445 2.0992121696472167969 1.7470271587371826172 0.98313659429550170898 1.8617558479309082031 0.59928113222122192383 0.97182869911193847656 0.71446585655212402344 0.55501729249954223633 1.2577642202377319336 2.2908215522766113281 2.5639128684997558594 2.1917052268981933594
0.89714074134826660156 0.33802103996276855469 0.85387217998504638672 1.3637109994888305664 1.8083205223083496094 2.0302376747131347656 2.1140525341033935547 1.4539639949798583984 1.6741776466369628906 0.37531676888465881348 1.6379315853118896484 2.0123510360717773438 0.37741225957870483398 0.80007022619247436523 0.89254653453826904297 0.32839998602867126465 0.56451386213302612305 2.4218237400054931641 1.5028090476989746094 2.64347076416015625 0.006625271867960691452 0.33544608950614929199 1.5368144512176513672 1.4012984643248170709e-45 1.4012984643248170709e-45 1.4012984643248170709e-45 1.4012984643248170709e-45 0.54800719022750854492 2.3006699085235595703 4.05738067626953125 1.3082104921340942383 2.65833282470703125 0.87427490949630737305 0.96386992931365966797 1.693332672119140625 0.73954379558563232422 2.2864687442779541016 1.8524581193923950195 0.62443089485168457031 1.2986614704132080078 2.0184168815612792969 2.7462294101715087891 3.6204736232757568359
0.35900899767875671387 0.74883347749710083008 0.84669160842895507812 1.971358180046081543 2.7379269599914550781 0.84790027141571044922 0.48703885078430175781 0.35561698675155639648 0.64504319429397583008 1.4012984643248170709e-45 0.57823008298873901367 1.2505242824554443359 1.6916136741638183594 2.3032369613647460938 1.8774257898330688477 0.36182460188865661621 0.08500938117504119873 1.0002665519714355469 1.3167153596878051758 1.7813880443572998047 0.44647172093391418457 0.66747272014617919922 1.2627706527709960938 1.5846260786056518555 1.0345157384872436523 0.11686048656702041626 1.4012984643248170709e-45 0.30193215608596801758 2.2508311271667480469 3.6425938606262207031 2.0025060176849365234 1.9528788328170776367 1.6116595268249511719 0.94231784343719482422 0.9544875025749206543 1.3783746957778930664 2.0511877536773681641 1.9191416501998901367 0.88660418987274169922 2.6757199764251708984 2.9492232799530029297 2.1010754108428955078 2.8623192310333251953
0.61946737766265869141 0.42563971877098083496 0.27035376429557800293 1.123997807502746582 1.3200919628143310547 0.022018071264028549194 0.079315647482872009277 0.85872954130172729492 1.5159060955047607422 0.94985508918762207031 2.1675143241882324219 1.5518742799758911133 1.1135065555572509766 2.7713932991027832031 2.0497531890869140625 0.34542068839073181152 1.4012984643248170709e-45 0.53572171926498413086 1.4395602941513061523 1.0407440662384033203 1.6434000730514526367 0.9985955357551574707 1.3900636434555053711 2.9505412578582763672 2.2135694026947021484 0.16349771618843078613 0.079045839607715606689 0.83504265546798706055 1.1315433979034423828 0.87028300762176513672 0.87870126962661743164 2.1502835750579833984 2.1479167938232421875 1.3188796043395996094 1.4759082794189453125 2.6398005485534667969 2.2107818126678466797 2.2621834278106689453 1.8558048009872436523 2.9154827594757080078 2.9285111427307128906 1.5731189250946044922 1.546740412712097168
0.68151211738586425781 0.80359029769897460938 0.40313890576362609863 1.4012984643248170709e-45 0.42352753877639770508 0.64756429195404052734 0.51133811473846435547 2.4221715927124023438 2.3316624164581298828 2.1545851230621337891 1.8123660087585449219 2.1393232345581054688 1.5787259340286254883 1.4927670955657958984 0.65621721744537353516 0.069203890860080718994 1.4012984643248170709e-45 0.49644386768341064453 1.2252264022827148438 1.4610265493392944336 1.8665031194686889648 1.4223786592483520508 2.8861739635467529297 1.7818949222564697266 1.8161720037460327148 0.72818279266357421875 0.12290310114622116089 1.095723271369934082 0.87828564643859863281 0.05899281427264213562 0.65861779451370239258 2.0347454547882080078 1.8293333053588867188 2.4619774818420410156 2.6376760005950927734 2.3468384742736816406 2.2673623561859130859 2.0122432708740234375 2.9417808055877685547 1.983409881591796875 2.4837408065795898438 2.0950899124145507812 2.4547333717346191406
0.1629860997200012207 0.33524569869041442871 0.18206158280372619629 1.4012984643248170709e-45 1.3284862041473388672 2.6090476512908935547 2.4975492954254150391 2.2227416038513183594 2.2169504165649414062 2.3068280220031738281 1.4162716865539550781 2.2264614105224609375 0.92844939231872558594 0.1032716408371925354 0.30143034458160400391 0.0093399938195943832397 0.77583283185958862305 0.22621807456016540527 1.9307988882064819336 2.5358319282531738281 1.4602030515670776367 3.1987335681915283203 2.4053475856781005859 0.62769472599029541016 0.98800104856491088867 1.3747748136520385742 0.36682942509651184082 0.15667384862899780273 0.066749371588230133057 1.4012984643248170709e-45 1.2724193334579467773 1.8000977039337158203 1.1496026515960693359 2.4052424430847167969 2.3435516357421875 1.1740726232528686523 0.88295090198516845703 1.0940430164337158203 3.0999310016632080078 2.1324594020843505859 1.8198963403701782227 2.9829356670379638672 2.1524372100830078125
0.087953768670558929443 1.4012984643248170709e-45 0.56009495258331298828 0.038972478359937667847 0.47696980834007263184 1.9543802738189697266 2.8415999412536621094 0.92834234237670898438 2.4717478752136230469 1.4442328214645385742 0.74028444290161132812 0.54833203554153442383 1.2483290433883666992 0.45147502422332763672 1.8455847501754760742 0.48092114925384521484 1.5256197452545166016 1.3877913951873779297 1.2137855291366577148 2.6536312103271484375 2.8734955787658691406 2.6388494968414306641 0.33295515179634094238 1.153721928596496582 1.1734061241149902344 2.4441287517547607422 0.21679350733757019043 1.4012984643248170709e-45 1.4012984643248170709e-45 0.17997722327709197998 1.948062896728515625 2.4257156848907470703 0.98895025253295898438 1.4513357877731323242 1.9474871158599853516 0.83782225847244262695 0.70706766843795776367 0.80161005258560180664 3.3570947647094726562 2.0700101852416992188 1.7656732797622680664 3.8875343799591064453 2.3802216053009033203
0.22851598262786865234 0.63062524795532226562 0.95864146947860717773 1.4012984643248170709e-45 0.0832921639084815979 0.72846829891204833984 1.0018327236175537109 0.16951465606689453125 0.63085234165191650391 0.26121443510055541992 1.1957385540008544922 0.26214167475700378418 3.8731257915496826172 1.8051964044570922852 2.7668251991271972656 1.9166944026947021484 2.400608062744140625 2.2916624546051025391 0.84267222881317138672 1.220141291618347168 3.1198861598968505859 3.9148540496826171875 0.47979369759559631348 2.1407656669616699219 2.2248280048370361328 2.8848214149475097656 0.40904632210731506348 0.05899256095290184021 1.4012984643248170709e-45 1.4012984643248170709e-45 3.2855038642883300781 3.1042897701263427734 1.1403723955154418945 0.75559628009796142578 3.9363374710083007812 1.1517833471298217773 1.5932281017303466797 1.8276849985122680664 1.9837323427200317383 1.6853150129318237305 1.9769322872161865234 2.7792074680328369141 2.3413193225860595703
0.14058594405651092529 1.1712601184844970703 1.2761968374252319336 0.34033668041229248047 0.78603142499923706055 0.76597726345062255859 0.4982077181339263916 0.37209415435791015625 0.34951767325401306152 0.3098144233226776123 2.7895963191986083984 1.0853931903839111328 1.7485101222991943359 2.4293131828308105469 2.5199935436248779297 1.9814715385437011719 2.2587029933929443359 0.8758570551872253418 0.21525205671787261963 0.030970251187682151794 1.7464972734451293945 8.5604381561279296875 2.020267486572265625 2.5310757160186767578 3.3426384925842285156 2.7305731773376464844 1.0309870243072509766 0.36013054847717285156 1.4012984643248170709e-45 1.4012984643248170709e-45 4.0295481681823730469 2.3630774021148681641 1.8575947284698486328 1.37876129150390625 3.7875130176544189453 1.9767135381698608398 1.9652041196823120117 1.693363189697265625 1.9925999641418457031 1.7053567171096801758 2.1773095130920410156 2.4930083751678466797 2.3500456809997558594
