Forest_LCP_Outputs/canopy_bulk_density.asc
ncols        250
nrows        253
xllcorner    -2044817.845419629943
yllcorner    2022214.475814298494
cellsize     26.855736874859
NODATA_value 0
[rows 152 to 170 of 253, columns 0 to 41 of 250]
0 0 0 0 0 0 0 0 0 0 0 0 0 1.4012984643248170709e-45 1.4012984643248170709e-45 1.4012984643248170709e-45 1.4012984643248170709e-45 1.4012984643248170709e-45 1.4012984643248170709e-45 1.4012984643248170709e-45 1.4012984643248170709e-45 1.4012984643248170709e-45 1.4012984643248170709e-45 1.4012984643248170709e-45 1.4012984643248170709e-45 1.4012984643248170709e-45 1.4012984643248170709e-45 1.4012984643248170709e-45 0.071685686707496643066 0.10726942121982574463 0.10826577991247177124 0.1864569932222366333 141.309722900390625 0.12301804125308990479 0.10439154505729675293 0.15696214139461517334 0.11131745576858520508 0.11988186836242675781 0.17103131115436553955 0.15538452565670013428 3.2562801837921142578 1.7218186855316162109
0 0 0 0 0 0 0 0 0 0 0 0 0 1.4012984643248170709e-45 1.4012984643248170709e-45 1.4012984643248170709e-45 1.4012984643248170709e-45 1.4012984643248170709e-45 1.4012984643248170709e-45 1.4012984643248170709e-45 1.4012984643248170709e-45 1.4012984643248170709e-45 1.4012984643248170709e-45 1.4012984643248170709e-45 1.4012984643248170709e-45 1.4012984643248170709e-45 1.4012984643248170709e-45 1.4012984643248170709e-45 0.018288727849721908569 0.07631708681583404541 0.1373281627893447876 0.27428779006004333496 4.7968606948852539062 0.20119591057300567627 0.16003914177417755127 0.19480094313621520996 0.11249810457229614258 0.40282508730888366699 0.20736446976661682129 0.19392214715480804443 0.11018511652946472168 0.14247407019138336182
0 0 0 0 0 0 0 0 0 0 0 0 1.4012984643248170709e-45 1.4012984643248170709e-45 1.4012984643248170709e-45 1.4012984643248170709e-45 1.4012984643248170709e-45 1.4012984643248170709e-45 1.4012984643248170709e-45 1.4012984643248170709e-45 1.4012984643248170709e-45 1.4012984643248170709e-45 1.4012984643248170709e-45 1.4012984643248170709e-45 1.4012984643248170709e-45 1.4012984643248170709e-45 1.4012984643248170709e-45 1.4012984643248170709e-45 0.014619592577219009399 0.090231083333492279053 0.12684006989002227783 0.12965878844261169434 0.22150442004203796387 0.20105263590812683105 0.19667954742908477783 0.23409375548362731934 0.27914589643478393555 0.28146761655807495117 0.096349351108074188232 0.20191080868244171143 0.22276906669139862061 0.1673450171947479248
0 0 0 0 0 0 0 0 0 0 0 0 1.4012984643248170709e-45 1.4012984643248170709e-45 1.4012984643248170709e-45 1.4012984643248170709e-45 1.4012984643248170709e-45 1.4012984643248170709e-45 1.4012984643248170709e-45 1.4012984643248170709e-45 1.4012984643248170709e-45 1.4012984643248170709e-45 1.4012984643248170709e-45 1.4012984643248170709e-45 1.4012984643248170709e-45 1.4012984643248170709e-45 1.4012984643248170709e-45 1.4012984643248170709e-45 0.044494245201349258423 0.12258067727088928223 0.10865262150764465332 0.12027018517255783081 0.14935353398323059082 0.13993068039417266846 0.21159873902797698975 0.1750698089599609375 0.14173899590969085693 0.11399398744106292725 0.10307873040437698364 0.26153829693794250488 0.32210928201675415039 0.30003178119659423828
0 0 0 0 0 0 0 0 0 0 0 0 1.4012984643248170709e-45 1.4012984643248170709e-45 1.4012984643248170709e-45 1.4012984643248170709e-45 1.4012984643248170709e-45 1.4012984643248170709e-45 1.4012984643248170709e-45 1.4012984643248170709e-45 1.4012984643248170709e-45 1.4012984643248170709e-45 1.4012984643248170709e-45 1.4012984643248170709e-45 1.4012984643248170709e-45 1.4012984643248170709e-45 1.4012984643248170709e-45 0.055834662169218063354 0.091998904943466186523 0.14154081046581268311 0.15343831479549407959 0.10956788063049316406 0.13406901061534881592 0.1142414584755897522 0.33934763073921203613 0.19993849098682403564 0.10849085450172424316 0.15037544071674346924 0.13668119907379150391 0.14176933467388153076 0.17411337792873382568 0.34187579154968261719
0 0 0 0 0 0 0 0 0 0 0 0 1.4012984643248170709e-45 1.4012984643248170709e-45 1.4012984643248170709e-45 1.4012984643248170709e-45 1.4012984643248170709e-45 1.4012984643248170709e-45 1.4012984643248170709e-45 1.4012984643248170709e-45 1.4012984643248170709e-45 1.4012984643248170709e-45 1.4012984643248170709e-45 1.4012984643248170709e-45 1.4012984643248170709e-45 1.4012984643248170709e-45 1.4012984643248170709e-45 0.18919236958026885986 0.16960565745830535889 0.10083518922328948975 0.15886327624320983887 0.14312224090099334717 0.16349355876445770264 0.081196263432502746582 0.14546087384223937988 0.13983273506164550781 0.09585841745138168335 0.3334547877311706543 0.28926566243171691895 0.17215529084205627441 0.10065049678087234497 0.26177838444709777832
0 0 0 0 0 0 0 0 0 0 0 1.4012984643248170709e-45 1.4012984643248170709e-45 1.4012984643248170709e-45 1.4012984643248170709e-45 1.4012984643248170709e-45 1.4012984643248170709e-45 1.4012984643248170709e-45 1.4012984643248170709e-45 1.4012984643248170709e-45 1.4012984643248170709e-45 1.4012984643248170709e-45 1.4012984643248170709e-45 1.4012984643248170709e-45 1.4012984643248170709e-45 0.002978519536554813385 0.10867522656917572021 0.25570952892303466797 0.27906718850135803223 0.15235270559787750244 0.13642078638076782227 0.17912538349628448486 0.16848929226398468018 0.11804860085248947144 0.1277818530797958374 0.14343117177486419678 0.080077044665813446045 0.34378543496131896973 0.16931892931461334229 0.13791245222091674805 0.12559723854064941406 0.18181937932968139648
0 0 0 0 0 0 0 0 0 0 0 1.4012984643248170709e-45 1.4012984643248170709e-45 1.4012984643248170709e-45 1.4012984643248170709e-45 1.4012984643248170709e-45 1.4012984643248170709e-45 1.4012984643248170709e-45 1.4012984643248170709e-45 1.4012984643248170709e-45 1.4012984643248170709e-45 1.4012984643248170709e-45 1.4012984643248170709e-45 1.4012984643248170709e-45 1.4012984643248170709e-45 0.04456971585750579834 0.16016574203968048096 0.15281556546688079834 0.13705207407474517822 0.12376583367586135864 0.10723037272691726685 0.24342298507690429688 0.2824967801570892334 0.12081947922706604004 0.17347544431686401367 0.24256956577301025391 0.10773419588804244995 0.12811298668384552002 0.10955803096294403076 0.12785078585147857666 0.17275211215019226074 0.15453365445137023926
0 0 0 0 0 0 0 0 0 0 0 1.4012984643248170709e-45 1.4012984643248170709e-45 1.4012984643248170709e-45 1.4012984643248170709e-45 1.4012984643248170709e-45 1.4012984643248170709e-45 1.4012984643248170709e-45 1.4012984643248170709e-45 1.4012984643248170709e-45 1.4012984643248170709e-45 1.4012984643248170709e-45 1.4012984643248170709e-45 1.4012984643248170709e-45 1.4012984643248170709e-45 0.052121508866548538208 0.1110776066780090332 0.13425967097282409668 0.1098969578742980957 0.14513424038887023926 0.085708394646644592285 0.35291016101837158203 0.15010876953601837158 0.13274942338466644287 0.2600581049919128418 0.28455772995948791504 0.14388170838356018066 0.13922575116157531738 0.11167933791875839233 0.11776418238878250122 0.11148419231176376343 0.28233623504638671875
0 0 0 0 0 0 0 0 0 0 1.4012984643248170709e-45 1.4012984643248170709e-45 1.4012984643248170709e-45 1.4012984643248170709e-45 1.4012984643248170709e-45 1.4012984643248170709e-45 1.4012984643248170709e-45 1.4012984643248170709e-45 1.4012984643248170709e-45 1.4012984643248170709e-45 1.4012984643248170709e-45 1.4012984643248170709e-45 1.4012984643248170709e-45 1.4012984643248170709e-45 1.4012984643248170709e-45 0.10722924023866653442 0.11188327521085739136 0.09173367917537689209 0.18537499010562896729 0.18756061792373657227 0.1197994425892829895 0.1634642481803894043 0.12641614675521850586 0.18630333244800567627 0.19660499691963195801 0.13616947829723358154 0.20941281318664550781 0.10152520239353179932 0.13290007412433624268 0.11189181357622146606 0.1226057782769203186 0.18120597302913665771
0 0 0 0 0 0 0 0 0 0 1.4012984643248170709e-45 1.4012984643248170709e-45 1.4012984643248170709e-45 1.4012984643248170709e-45 1.4012984643248170709e-45 1.4012984643248170709e-45 1.4012984643248170709e-45 1.4012984643248170709e-45 1.4012984643248170709e-45 1.4012984643248170709e-45 1.4012984643248170709e-45 1.4012984643248170709e-45 1.4012984643248170709e-45 1.4012984643248170709e-45 0.030550930649042129517 0.12111899256706237793 0.24210558831691741943 0.16421319544315338135 0.21893258392810821533 0.19863936305046081543 0.16472578048706054688 0.12178867310285568237 0.16738556325435638428 0.2271054387092590332 0.10307115316390991211 0.071567669510841369629 0.16080084443092346191 0.11129703372716903687 0.13145460188388824463 0.061785161495208740234 0.14174436032772064209 0.21693119406700134277
0 0 0 0 0 0 0 0 0 0 1.4012984643248170709e-45 1.4012984643248170709e-45 1.4012984643248170709e-45 1.4012984643248170709e-45 1.4012984643248170709e-45 1.4012984643248170709e-45 1.4012984643248170709e-45 1.4012984643248170709e-45 1.4012984643248170709e-45 1.4012984643248170709e-45 1.4012984643248170709e-45 1.4012984643248170709e-45 1.4012984643248170709e-45 0.033176761120557785034 0.1197929084300994873 0.18848113715648651123 0.23175509274005889893 0.15216058492660522461 0.11430258303880691528 0.18899276852607727051 0.22819133102893829346 0.090579800307750701904 0.19276118278503417969 0.10106442123651504517 0.15615600347518920898 0.13278409838676452637 0.16308782994747161865 0.13711602985858917236 0.18161685764789581299 0.11663971096277236938 0.23417276144027709961 0.22736726701259613037
0 0 0 0 0 0 0 0 0 0 1.4012984643248170709e-45 1.4012984643248170709e-45 1.4012984643248170709e-45 1.4012984643248170709e-45 1.4012984643248170709e-45 1.4012984643248170709e-45 1.4012984643248170709e-45 1.4012984643248170709e-45 1.4012984643248170709e-45 1.4012984643248170709e-45 1.4012984643248170709e-45 1.4012984643248170709e-45 1.4012984643248170709e-45 0.070095106959342956543 0.10376940667629241943 0.14694449305534362793 0.23538137972354888916 0.13565525412559509277 0.052592270076274871826 0.11990552395582199097 0.12010115385055541992 0.092660874128341674805 0.17190511524677276611 0.28632915019989013672 0.18002374470233917236 0.13483151793479919434 0.16382379829883575439 0.15895415842533111572 0.087449699640274047852 0.106035575270652771 0.21590778231620788574 0.17062844336032867432
0 0 0 0 0 0 0 0 0 1.4012984643248170709e-45 1.4012984643248170709e-45 1.4012984643248170709e-45 1.4012984643248170709e-45 1.4012984643248170709e-45 1.4012984643248170709e-45 1.4012984643248170709e-45 1.4012984643248170709e-45 1.4012984643248170709e-45 1.4012984643248170709e-45 1.4012984643248170709e-45 1.4012984643248170709e-45 1.4012984643248170709e-45 1.4012984643248170709e-45 0.04605328291654586792 0.14385880529880523682 0.11496122926473617554 0.29080906510353088379 0.12962634861469268799 0.11540213227272033691 0.097633622586727142334 0.12239446491003036499 0.14166714251041412354 0.14648735523223876953 0.15461929142475128174 0.16328857839107513428 0.081379204988479614258 0.22912272810935974121 0.13294516503810882568 0.099939286708831787109 0.098302170634269714355 0.10288935154676437378 0.06019707024097442627
0 0 0 0 0 0 0 0 0 1.4012984643248170709e-45 1.4012984643248170709e-45 1.4012984643248170709e-45 1.4012984643248170709e-45 1.4012984643248170709e-45 1.4012984643248170709e-45 1.4012984643248170709e-45 1.4012984643248170709e-45 1.4012984643248170709e-45 1.4012984643248170709e-45 1.4012984643248170709e-45 1.4012984643248170709e-45 1.4012984643248170709e-45 0.00029350427212193608284 0.059510536491870880127 0.16609086096286773682 0.1483351588249206543 0.10683523863554000854 0.16021266579627990723 0.15711541473865509033 0.13204905390739440918 0.26871904730796813965 0.18455083668231964111 0.27224579453468322754 0.27910751104354858398 0.20083256065845489502 0.12426445633172988892 0.16378501057624816895 0.13340201973915100098 0.12336882203817367554 0.14879633486270904541 0.13855512440204620361 0.17177696526050567627
0 0 0 0 0 0 0 0 0 1.4012984643248170709e-45 1.4012984643248170709e-45 1.4012984643248170709e-45 1.4012984643248170709e-45 1.4012984643248170709e-45 1.4012984643248170709e-45 1.4012984643248170709e-45 1.4012984643248170709e-45 1.4012984643248170709e-45 1.4012984643248170709e-45 1.4012984643248170709e-45 1.4012984643248170709e-45 1.4012984643248170709e-45 0.033081796020269393921 0.12270652502775192261 0.18458308279514312744 0.16182419657707214355 0.30463841557502746582 0.24385072290897369385 0.13639286160469055176 0.1757650524377822876 0.15493969619274139404 0.16548450291156768799 0.14811164140701293945 0.24781568348407745361 0.19627784192562103271 0.12257940322160720825 0.16850295662879943848 0.16913591325283050537 0.11635638773441314697 0.25891140103340148926 0.13046866655349731445 0.18366040289402008057
0 0 0 0 0 0 0 0 0 1.4012984643248170709e-45 1.4012984643248170709e-45 1.4012984643248170709e-45 1.4012984643248170709e-45 1.4012984643248170709e-45 1.4012984643248170709e-45 1.4012984643248170709e-45 1.4012984643248170709e-45 1.4012984643248170709e-45 1.4012984643248170709e-45 1.4012984643248170709e-45 1.4012984643248170709e-45 1.4012984643248170709e-45 0.085086591541767120361 0.15313453972339630127 0.14023791253566741943 0.22540462017059326172 0.27928152680397033691 0.12155464291572570801 0.11734312772750854492 0.13601201772689819336 0.14744074642658233643 0.9579289555549621582 0.86043626070022583008 0.16521011292934417725 0.30008375644683837891 0.26901212334632873535 0.17778186500072479248 0.13404253125190734863 0.073866926133632659912 0.096951797604560852051 0.13710646331310272217 0.18278069794178009033
0 0 0 0 0 0 0 0 1.4012984643248170709e-45 1.4012984643248170709e-45 1.4012984643248170709e-45 1.4012984643248170709e-45 1.4012984643248170709e-45 1.4012984643248170709e-45 1.4012984643248170709e-45 1.4012984643248170709e-45 1.4012984643248170709e-45 1.4012984643248170709e-45 1.4012984643248170709e-45 1.4012984643248170709e-45 1.4012984643248170709e-45 1.4012984643248170709e-45 0.17728471755981445312 0.12581467628479003906 0.065079115331172943115 0.17514674365520477295 0.18663738667964935303 0.12322229146957397461 0.10845810920000076294 0.061924643814563751221 0.14345896244049072266 1.048956751823425293 0.65787023305892944336 0.27218568325042724609 0.19135098159313201904 0.12668973207473754883 0.21701021492481231689 0.078737817704677581787 0.12954699993133544922 0.10631956905126571655 0.14024181663990020752 0.18361665308475494385
0 0 0 0 0 0 0 0 1.4012984643248170709e-45 1.4012984643248170709e-45 1.4012984643248170709e-45 1.4012984643248170709e-45 1.4012984643248170709e-45 1.4012984643248170709e-45 1.4012984643248170709e-45 1.4012984643248170709e-45 1.4012984643248170709e-45 1.4012984643248170709e-45 1.4012984643248170709e-45 1.4012984643248170709e-45 1.4012984643248170709e-45 0.0052425488829612731934 0.1674724966287612915 0.10990116745233535767 0.12115281820297241211 0.15988400578498840332 0.15852092206478118896 0.20054562389850616455 0.1461515575647354126 0.10461748391389846802 0.14217223227024078369 0.13051845133304595947 0.21105320751667022705 0.18048883974552154541 0.13093462586402893066 0.12705041468143463135 0.19700135290622711182 0.10167872160673141479 0.12250588834285736084 0.081994257867336273193 0.10997448861598968506 0.22498601675033569336
