Forest_LCP_Outputs/canopy_bulk_density.asc
ncols        250
nrows        253
xllcorner    -2044817.845419629943
yllcorner    2022214.475814298494
cellsize     26.855736874859
NODATA_value 0
[rows 133 to 151 of 253, columns 84 to 125 of 250]
0.27581855654716491699 0.14668019115924835205 0.19285461306571960449 0.23616731166839599609 0.14455354213714599609 0.11059190332889556885 0.060300458222627639771 0.31515556573867797852 0.18528734147548675537 0.20090097188949584961 0.1433658599853515625 0.16985912621021270752 0.071754187345504760742 0.10457338392734527588 0.22060430049896240234 0.18972252309322357178 0.16912136971950531006 0.17718173563480377197 0.13364461064338684082 0.048851933330297470093 0.29834210872650146484 0.14274285733699798584 0.10158939659595489502 0.081296227872371673584 0.13303510844707489014 0.14236341416835784912 0.12325394153594970703 0.14193405210971832275 0.13120344281196594238 0.074613094329833984375 0.050960075110197067261 0.085709609091281890869 0.176023826003074646 0.11459072679281234741 0.12284765392541885376 0.18880067765712738037 0.21992802619934082031 0.28949281573295593262 0.20579373836517333984 0.1768652498722076416 0.14029525220394134521 0.13955830037593841553
0.18582785129547119141 0.12831079959869384766 0.20112015306949615479 0.27347999811172485352 0.181257590651512146 0.2076590806245803833 0.098092243075370788574 0.20849122107028961182 0.50469875335693359375 0.77593553066253662109 0.14570982754230499268 0.1347939223051071167 0.11428045481443405151 0.19852118194103240967 0.20290933549404144287 0.12454947084188461304 0.14403876662254333496 0.16669672727584838867 0.21048097312450408936 0.43007639050483703613 0.28409793972969055176 0.20972378551959991455 0.16593812406063079834 0.1455777287483215332 0.12518671154975891113 0.11908159404993057251 0.12183140963315963745 0.16526482999324798584 0.26037457585334777832 0.098912812769412994385 0.072920262813568115234 0.10242898762226104736 0.19613115489482879639 0.15821823477745056152 0.28195399045944213867 0.23017251491546630859 0.15022610127925872803 0.19276721775531768799 0.18487669527530670166 0.29380539059638977051 0.13020853698253631592 0.17887845635414123535
0.20991688966751098633 0.20267650485038757324 0.1225007474422454834 0.11324270814657211304 0.11696947365999221802 0.17490912973880767822 0.11140408366918563843 0.10409677773714065552 0.22761693596839904785 0.24553404748439788818 0.11952672898769378662 0.095753043889999389648 0.17149662971496582031 0.16705062985420227051 0.15019281208515167236 0.13116231560707092285 0.17781543731689453125 0.11359523236751556396 0.14076049625873565674 0.21736705303192138672 0.2300205528736114502 0.16867652535438537598 0.19106510281562805176 0.085105940699577331543 0.1587130427360534668 0.099877141416072845459 0.078200608491897583008 0.20880426466464996338 0.13249498605728149414 0.14219164848327636719 0.10815515369176864624 0.080607928335666656494 0.13399051129817962646 0.14542242884635925293 0.4078579246997833252 0.080757007002830505371 0.12090994417667388916 0.16120456159114837646 0.24828867614269256592 0.28471073508262634277 0.13828185200691223145 0.14002317190170288086
0.17293284833431243896 0.20690178871154785156 0.10909084975719451904 0.078716836869716644287 0.11868891119956970215 0.13946212828159332275 0.09236847609281539917 0.12826532125473022461 0.16549129784107208252 0.12671974301338195801 0.12379078567028045654 0.040036909282207489014 0.13986083865165710449 0.11278557032346725464 0.16247734427452087402 0.13344843685626983643 0.23049978911876678467 0.16678474843502044678 0.1151741519570350647 0.10014006495475769043 0.14584717154502868652 0.13961756229400634766 0.08197860419750213623 0.095755375921726226807 0.1601514965295791626 0.12629097700119018555 0.1865374445915222168 0.20434968173503875732 0.16108368337154388428 0.19576036930084228516 0.16042165458202362061 0.04043146967887878418 0.12292928248643875122 0.13664294779300689697 0.15019118785858154297 0.20873187482357025146 0.23478585481643676758 0.20339117944240570068 0.23016476631164550781 0.14149017632007598877 0.36510878801345825195 0.13972283899784088135
0.13276046514511108398 0.1075237467885017395 0.11610590666532516479 0.089019782841205596924 0.178533896803855896 0.12061958760023117065 0.10617087781429290771 0.17861916124820709229 0.40842938423156738281 0.11524188518524169922 0.12858389317989349365 0.10097228735685348511 0.14239721000194549561 0.13440603017807006836 0.15500125288963317871 0.13236740231513977051 0.21240399777889251709 0.11750368773937225342 0.14573423564434051514 0.16860535740852355957 0.087493009865283966064 0.14605034887790679932 0.20955376327037811279 0.2045358121395111084 0.11909545212984085083 0.17035302519798278809 0.13793203234672546387 0.19324767589569091797 0.25463795661926269531 0.16848471760749816895 0.16956068575382232666 0.092208996415138244629 0.13267141580581665039 0.13068598508834838867 0.12071046978235244751 0.18221825361251831055 0.17759019136428833008 0.16255016624927520752 0.25764599442481994629 0.19911439716815948486 0.41475382447242736816 0.097105257213115692139
0.1506487727165222168 0.13647234439849853516 0.16529363393783569336 0.063399076461791992188 0.21077577769756317139 0.10126156359910964966 0.1812366098165512085 0.25242576003074645996 0.27823925018310546875 0.09334719926118850708 0.12107778340578079224 0.12524905800819396973 0.15106128156185150146 0.10399417579174041748 0.16470296680927276611 0.10150428116321563721 0.14870211482048034668 0.1227392926812171936 0.14116871356964111328 0.14610643684864044189 0.2077064216136932373 0.18436197936534881592 0.2419290393590927124 0.18395508825778961182 0.12002103030681610107 0.22748456895351409912 0.076188996434211730957 0.14039276540279388428 0.29150885343551635742 0.15657544136047363281 0.23886303603649139404 0.13399039208889007568 0.12501242756843566895 0.12953455746173858643 0.096412770450115203857 0.20022168755531311035 0.13912157714366912842 0.0826395377516746521 0.12048582732677459717 0.13774728775024414062 0.21667991578578948975 0.12021686136722564697
0.29652044177055358887 0.13346242904663085938 0.18470814824104309082 0.34358501434326171875 0.25302296876907348633 0.12229689210653305054 0.16682350635528564453 0.17794041335582733154 0.17192669212818145752 0.13696591556072235107 0.15434892475605010986 0.070615254342555999756 0.14153259992599487305 0.092648118734359741211 0.14758576452732086182 0.09969981759786605835 0.10017953068017959595 0.09932056814432144165 0.10506487637758255005 0.2350807487964630127 0.18929541110992431641 0.17906045913696289062 0.088329091668128967285 0.14814133942127227783 0.1454257667064666748 0.10561528801918029785 0.071534864604473114014 0.10694956034421920776 0.18593794107437133789 0.16136194765567779541 0.14525339007377624512 0.1237974315881729126 0.14778098464012145996 0.24217794835567474365 0.15131504833698272705 0.14246980845928192139 0.13459287583827972412 0.12890958786010742188 0.18113620579242706299 0.13423644006252288818 0.15301740169525146484 0.11298177391290664673
0.20031586289405822754 0.21105639636516571045 0.28059878945350646973 0.72070318460464477539 0.57264220714569091797 0.11754064261913299561 0.19598506391048431396 0.1623287498950958252 0.14109873771667480469 0.10163126140832901001 0.13277344405651092529 0.14554159343242645264 0.16478686034679412842 0.16347385942935943604 0.13515432178974151611 0.11278142035007476807 0.10139682888984680176 0.11914385110139846802 0.28299447894096374512 0.25513750314712524414 0.15373943746089935303 0.27524337172508239746 0.070114165544509887695 0.22629320621490478516 0.16167807579040527344 0.094035081565380096436 0.078928962349891662598 0.14013653993606567383 0.11150121688842773438 0.14109012484550476074 0.18742181360721588135 0.12983021140098571777 0.40537062287330627441 0.8320191502571105957 0.14025115966796875 0.067068472504615783691 0.11627212166786193848 0.10781065374612808228 0.11951895803213119507 0.12401266396045684814 0.25540763139724731445 0.14134909212589263916
0.20908282697200775146 0.23350720107555389404 0.16941694915294647217 0.076940521597862243652 0.17559389770030975342 0.098252288997173309326 0.21050742268562316895 0.12277135998010635376 0.16941079497337341309 0.18944044411182403564 0.12501549720764160156 0.16588927805423736572 0.29460152983665466309 0.2465893477201461792 0.13708272576332092285 0.16124686598777770996 0.1370324939489364624 0.14235834777355194092 0.21331331133842468262 0.16829253733158111572 0.21131360530853271484 0.2383575737476348877 0.20355437695980072021 0.25958973169326782227 0.15760113298892974854 0.13450187444686889648 0.087593756616115570068 0.10686126351356506348 0.097326859831809997559 0.18365219235420227051 0.24216373264789581299 0.10066255182027816772 0.28116300702095031738 0.38877853751182556152 0.10062953084707260132 0.12170756608247756958 0.12971004843711853027 0.10020749270915985107 0.14350895583629608154 1.288725733757019043 0.28014153242111206055 0.16236421465873718262
0.18438218533992767334 0.14100240170955657959 0.17947658896446228027 0.12978689372539520264 0.25594949722290039062 0.15015974640846252441 0.15052057802677154541 0.1279888153076171875 0.13327032327651977539 0.13424156606197357178 0.07644151151180267334 0.1052430272102355957 0.1886714249849319458 0.14702929556369781494 0.22136117517948150635 0.2397066652774810791 0.13193723559379577637 0.17548044025897979736 0.20796170830726623535 0.14860026538372039795 0.17660711705684661865 0.10416946560144424438 0.09567105025053024292 0.17103056609630584717 0.14662122726440429688 0.076076105237007141113 0.10962613672018051147 0.14414103329181671143 0.10897498577833175659 0.1359698176383972168 0.2189124375581741333 0.18909871578216552734 0.16031204164028167725 0.142429351806640625 0.15819086134433746338 0.30245208740234375 0.31863832473754882812 0.09150524437427520752 0.6879965662956237793 2.3897485733032226562 0.17703627049922943115 0.15912863612174987793
0.12206182628870010376 0.12508314847946166992 0.18202809989452362061 0.1554819643497467041 0.17806778848171234131 0.20246109366416931152 0.14899650216102600098 0.22516712546348571777 0.20354346930980682373 0.13643762469291687012 0.10322688519954681396 0.060238383710384368896 0.092587843537330627441 0.17391481995582580566 0.24290259182453155518 0.23119115829467773438 0.18111917376518249512 0.23484762012958526611 0.17365214228630065918 0.13675428926944732666 0.28303375840187072754 0.10330702364444732666 0.11017458885908126831 0.17683111131191253662 0.12792001664638519287 0.12059926241636276245 0.075713194906711578369 0.088653787970542907715 0.13765735924243927002 0.11043857038021087646 0.26450458168983459473 0.25770205259323120117 0.12825834751129150391 0.18434782326221466064 0.27140271663665771484 0.32917776703834533691 0.19164790213108062744 0.12517279386520385742 0.126958504319190979 0.15282499790191650391 0.38397875428199768066 0.18835976719856262207
0.1319967806339263916 0.13195717334747314453 0.14193807542324066162 0.092440381646156311035 0.12132176011800765991 0.26571154594421386719 0.085709206759929656982 0.21509200334548950195 0.17306908965110778809 0.14747630059719085693 0.2011417001485824585 0.074665687978267669678 0.097729124128818511963 0.15924251079559326172 0.14780467748641967773 0.16614608466625213623 0.13002702593803405762 0.73715740442276000977 0.159548148512840271 0.073782712221145629883 0.17873947322368621826 0.15764066576957702637 0.12948906421661376953 0.1462672501802444458 0.25169980525970458984 0.2028195112943649292 0.057440962642431259155 0.067393079400062561035 0.2663733065128326416 0.11491701006889343262 0.1716317981481552124 0.33028307557106018066 0.18851418793201446533 0.17127656936645507812 0.31076607108116149902 0.36442038416862487793 0.16937346756458282471 0.19884946942329406738 0.11246134340763092041 0.1541471332311630249 0.36280754208564758301 0.19434775412082672119
0.22032731771469116211 0.14745727181434631348 0.15039780735969543457 0.10434282571077346802 0.16364046931266784668 0.18430913984775543213 0.17408162355422973633 0.16769686341285705566 0.11562054604291915894 0.117455311119556427 0.1288570016622543335 0.093733973801136016846 0.1091613471508026123 0.12259168177843093872 0.2053670734167098999 0.18000724911689758301 0.15418756008148193359 0.68858796358108520508 0.17195366322994232178 0.14930598437786102295 0.14516092836856842041 0.13304473459720611572 0.081837184727191925049 0.10177541524171829224 0.22850775718688964844 0.12539160251617431641 0.050556037575006484985 0.1186207309365272522 0.16772700846195220947 0.13700914382934570312 0.21012035012245178223 0.29271152615547180176 0.23289348185062408447 0.36392620205879211426 0.2870832979679107666 0.18112327158451080322 0.13876898586750030518 0.29852163791656494141 0.15318590402603149414 0.19780202209949493408 0.24506337940692901611 0.21372562646865844727
0.13698287308216094971 0.25089263916015625 0.21564100682735443115 0.1760994642972946167 0.35891261696815490723 0.31140103936195373535 0.14957499504089355469 0.15169258415699005127 0.18208582699298858643 0.1518770754337310791 0.10789667069911956787 0.10255979001522064209 0.097522445023059844971 0.083544105291366577148 0.10375439375638961792 0.18080896139144897461 0.16621015965938568115 0.15556940436363220215 0.1532529294490814209 0.16990360617637634277 0.11234498769044876099 0.10458190739154815674 0.084867812693119049072 0.29604294896125793457 0.12036851793527603149 0.12563976645469665527 0.088845185935497283936 0.16275261342525482178 0.16732080280780792236 0.17454367876052856445 0.20726162195205688477 0.23192647099494934082 0.1654885411262512207 0.20477034151554107666 0.084437593817710876465 0.065132781863212585449 0.067670308053493499756 0.12822233140468597412 0.15410581231117248535 0.1948098987340927124 0.18590100109577178955 0.11131109297275543213
0.14675022661685943604 0.23470038175582885742 0.18251150846481323242 0.11467106640338897705 0.15967577695846557617 0.20724563300609588623 0.11599669605493545532 0.12009856849908828735 0.56637477874755859375 0.23715718090534210205 0.072711825370788574219 0.10105282813310623169 0.16696490347385406494 0.1120616719126701355 0.11129825562238693237 0.16117054224014282227 0.17015275359153747559 0.18864436447620391846 0.14163896441459655762 0.15348057448863983154 0.075771450996398925781 0.11462168395519256592 0.22421644628047943115 0.25539982318878173828 0.1209149286150932312 0.086601495742797851562 0.19933718442916870117 0.28241354227066040039 0.21506972610950469971 0.14539246261119842529 0.21276605129241943359 0.31055545806884765625 0.22474649548530578613 0.20203828811645507812 0.14784859120845794678 0.11124818027019500732 0.093690380454063415527 0.079490728676319122314 0.22234004735946655273 0.14655211567878723145 0.24691146612167358398 0.081922620534896850586
0.26878312230110168457 0.21012951433658599854 0.11207038909196853638 0.20089225471019744873 0.1386442333459854126 0.17292423546314239502 0.09419813007116317749 0.12717258930206298828 0.32620123028755187988 0.1626933664083480835 0.073251284658908843994 0.1250886768102645874 0.20091044902801513672 0.14700569212436676025 0.14922769367694854736 0.096457839012145996094 0.20910164713859558105 0.086237616837024688721 0.15123912692070007324 0.12154897302389144897 0.10449703037738800049 0.12172966450452804565 0.13006605207920074463 0.16022749245166778564 0.10895104706287384033 0.069859467446804046631 0.19069944322109222412 0.18328936398029327393 0.15622907876968383789 0.11463011056184768677 0.072187885642051696777 0.14684799313545227051 0.15972597897052764893 0.20572380721569061279 0.18346856534481048584 0.15678824484348297119 0.082596465945243835449 0.15191030502319335938 0.28883606195449829102 0.11722421646118164062 0.147531852126121521 0.17464455962181091309
0.35028597712516784668 0.20515748858451843262 0.12889517843723297119 0.27945145964622497559 0.14345912635326385498 0.10701934248208999634 0.12077046185731887817 0.14017714560031890869 0.1718788444995880127 0.11055053770542144775 0.14774879813194274902 0.16460566222667694092 0.18154680728912353516 0.2211243361234664917 0.17868033051490783691 0.069012373685836791992 0.081552483141422271729 0.15418341755867004395 0.14720073342323303223 0.13398601114749908447 0.099853470921516418457 0.11370893567800521851 0.20879758894443511963 0.13992384076118469238 0.20294295251369476318 0.081501170992851257324 0.11372975260019302368 0.12457182258367538452 0.14104293286800384521 0.18203726410865783691 0.2243312150239944458 0.2115710526704788208 0.1518465876579284668 0.12139181792736053467 0.1001712605357170105 0.10151312500238418579 0.13388034701347351074 0.20178546011447906494 0.1711788475513458252 0.10013361275196075439 0.11565307527780532837 0.12075896561145782471
0.1762320101261138916 0.31355124711990356445 0.23290543258190155029 0.17123623192310333252 0.15827515721321105957 0.084614284336566925049 0.13124366104602813721 0.16223320364952087402 0.14649915695190429688 0.14665251970291137695 0.33724802732467651367 0.069893196225166320801 0.15391375124454498291 0.24774147570133209229 0.15785008668899536133 0.11614392697811126709 0.11386036127805709839 0.21123674511909484863 0.13535952568054199219 0.28476437926292419434 0.20049972832202911377 0.12200007587671279907 0.30837240815162658691 0.16699786484241485596 0.39856541156768798828 0.15948048233985900879 0.13596449792385101318 0.13957142829895019531 0.22682709991931915283 0.2108134925365447998 0.42038643360137939453 0.30441424250602722168 0.1416912376880645752 0.12968787550926208496 0.25429254770278930664 0.072118304669857025146 0.14168217778205871582 0.17592649161815643311 0.24239027500152587891 0.24868312478065490723 0.12100822478532791138 0.09954783320426940918
0.14897495508193969727 0.17320610582828521729 0.15403442084789276123 0.14305931329727172852 0.20225362479686737061 0.22725959122180938721 0.10658293962478637695 0.136743888258934021 0.19649140536785125732 0.2070824354887008667 0.16814568638801574707 0.21712760627269744873 0.23570893704891204834 0.25993177294731140137 0.15907068550586700439 0.15631189942359924316 0.11286048591136932373 0.21728695929050445557 0.11280608177185058594 0.13419306278228759766 0.14564412832260131836 0.21345543861389160156 0.20613831281661987305 0.20243418216705322266 0.28874871134757995605 0.17324993014335632324 0.15458136796951293945 0.14665955305099487305 0.075728349387645721436 0.069599784910678863525 0.32787600159645080566 0.19852989912033081055 0.15075156092643737793 0.10337296128273010254 0.12608307600021362305 0.088327020406723022461 0.13015554845333099365 0.099788434803485870361 0.0998668670654296875 0.14892219007015228271 0.055150300264358520508 0.22531451284885406494
