Forest_LCP_Outputs/canopy_height.asc
ncols        250
nrows        253
xllcorner    -2044817.845419629943
yllcorner    2022214.475814298494
cellsize     26.855736874859
NODATA_value 0
[rows 171 to 189 of 253, columns 0 to 42 of 250]
0 0 0 0 0 0 0 0 1.4012984643248170709e-45 1.4012984643248170709e-45 1.4012984643248170709e-45 1.4012984643248170709e-45 1.4012984643248170709e-45 1.4012984643248170709e-45 1.4012984643248170709e-45 1.4012984643248170709e-45 1.4012984643248170709e-45 1.4012984643248170709e-45 1.4012984643248170709e-45 1.4012984643248170709e-45 1.4012984643248170709e-45 2.0458080768585205078 5.0986232757568359375 13.923398971557617188 9.517425537109375 8.8042354583740234375 14.469602584838867188 22.226764678955078125 16.48625946044921875 16.290691375732421875 14.07308197021484375 5.7827425003051757812 9.4630889892578125 22.659280776977539062 16.607313156127929688 12.091023445129394531 14.200521469116210938 9.9813299179077148438 8.4396209716796875 2.9808325767517089844 9.9673004150390625 22.368314743041992188 10.752786636352539062
0 0 0 0 0 0 0 0 1.4012984643248170709e-45 1.4012984643248170709e-45 1.4012984643248170709e-45 1.4012984643248170709e-45 1.4012984643248170709e-45 1.4012984643248170709e-45 1.4012984643248170709e-45 1.4012984643248170709e-45 1.4012984643248170709e-45 1.4012984643248170709e-45 1.4012984643248170709e-45 1.4012984643248170709e-45 2.3148443698883056641 9.4785089492797851562 10.231066703796386719 17.691829681396484375 13.854856491088867188 7.326198577880859375 4.7443757057189941406 10.806055068969726562 16.759429931640625 9.89006805419921875 10.939843177795410156 18.869586944580078125 18.985195159912109375 14.064084053039550781 16.532251358032226562 22.723611831665039062 9.3112173080444335938 6.5079436302185058594 9.4101953506469726562 5.6043062210083007812 8.1252422332763671875 7.7427525520324707031 11.4140472412109375
0 0 0 0 0 0 0 1.4012984643248170709e-45 1.4012984643248170709e-45 1.4012984643248170709e-45 1.4012984643248170709e-45 1.4012984643248170709e-45 1.4012984643248170709e-45 1.4012984643248170709e-45 1.4012984643248170709e-45 1.4012984643248170709e-45 1.4012984643248170709e-45 1.4012984643248170709e-45 1.4012984643248170709e-45 1.4012984643248170709e-45 10.32204437255859375 4.0961518287658691406 19.795362472534179688 20.762796401977539062 15.378556251525878906 7.5860095024108886719 14.599255561828613281 12.904891014099121094 10.052011489868164062 5.8609476089477539062 9.6928386688232421875 17.472011566162109375 9.6471967697143554688 11.207873344421386719 19.912944793701171875 16.036365509033203125 6.4777007102966308594 16.719696044921875 14.998160362243652344 10.649125099182128906 8.9569721221923828125 9.748981475830078125 10.531435012817382812
0 0 0 0 0 0 0 1.4012984643248170709e-45 1.4012984643248170709e-45 1.4012984643248170709e-45 1.4012984643248170709e-45 1.4012984643248170709e-45 1.4012984643248170709e-45 1.4012984643248170709e-45 1.4012984643248170709e-45 1.4012984643248170709e-45 1.4012984643248170709e-45 1.4012984643248170709e-45 1.4012984643248170709e-45 4.7037181854248046875 17.809764862060546875 7.5139031410217285156 12.968634605407714844 15.724524497985839844 10.628740310668945312 17.785472869873046875 12.204984664916992188 7.4338636398315429688 5.1868047714233398438 16.206623077392578125 12.30462646484375 18.897371292114257812 10.228734016418457031 16.587228775024414062 12.710225105285644531 11.058434486389160156 15.652684211730957031 19.654138565063476562 13.680043220520019531 20.27655029296875 20.838893890380859375 14.493999481201171875 10.373202323913574219
0 0 0 0 0 0 0 1.4012984643248170709e-45 1.4012984643248170709e-45 1.4012984643248170709e-45 1.4012984643248170709e-45 1.4012984643248170709e-45 1.4012984643248170709e-45 1.4012984643248170709e-45 1.4012984643248170709e-45 1.4012984643248170709e-45 1.4012984643248170709e-45 1.4012984643248170709e-45 3.4013173580169677734 15.234192848205566406 10.418831825256347656 13.45142364501953125 13.804759025573730469 15.175738334655761719 8.4679889678955078125 10.650865554809570312 3.5504062175750732422 3.5649571418762207031 8.1445217132568359375 13.842898368835449219 12.399231910705566406 21.650541305541992188 10.965294837951660156 10.130024909973144531 12.628526687622070312 19.409509658813476562 13.549954414367675781 12.50096893310546875 4.5224552154541015625 17.112588882446289062 24.49965667724609375 17.499713897705078125 6.7564020156860351562
0 0 0 0 0 0 0 1.4012984643248170709e-45 1.4012984643248170709e-45 1.4012984643248170709e-45 1.4012984643248170709e-45 1.4012984643248170709e-45 1.4012984643248170709e-45 1.4012984643248170709e-45 1.4012984643248170709e-45 1.4012984643248170709e-45 1.4012984643248170709e-45 1.0704008340835571289 11.991208076477050781 19.680021286010742188 8.2908506393432617188 11.749309539794921875 12.878815650939941406 10.195650100708007812 23.1722869873046875 6.5688314437866210938 3.0089042186737060547 8.7628154754638671875 13.049361228942871094 13.891614913940429688 19.20233917236328125 18.754392623901367188 5.6726870536804199219 8.476043701171875 21.852113723754882812 22.66568756103515625 3.1377217769622802734 14.421497344970703125 10.619050025939941406 18.106903076171875 18.840579986572265625 14.756918907165527344 3.3491761684417724609
0 0 0 0 0 0 1.4012984643248170709e-45 1.4012984643248170709e-45 1.4012984643248170709e-45 1.4012984643248170709e-45 1.4012984643248170709e-45 1.4012984643248170709e-45 1.4012984643248170709e-45 1.4012984643248170709e-45 1.4012984643248170709e-45 1.4012984643248170709e-45 1.4012984643248170709e-45 6.9319262504577636719 20.3446502685546875 13.279787063598632812 5.7645802497863769531 6.1605639457702636719 5.4457135200500488281 8.5605182647705078125 11.893672943115234375 14.916929244995117188 11.149233818054199219 14.58017730712890625 10.155002593994140625 11.914410591125488281 14.692073822021484375 16.641880035400390625 7.9763197898864746094 14.017972946166992188 14.623652458190917969 12.254239082336425781 4.4005532264709472656 10.086881637573242188 19.365161895751953125 15.534216880798339844 11.797946929931640625 12.537630081176757812 9.6804018020629882812
0 0 0 0 0 0 1.4012984643248170709e-45 1.4012984643248170709e-45 1.4012984643248170709e-45 1.4012984643248170709e-45 1.4012984643248170709e-45 1.4012984643248170709e-45 1.4012984643248170709e-45 1.4012984643248170709e-45 1.4012984643248170709e-45 1.4012984643248170709e-45 2.4247608184814453125 20.535816192626953125 16.513761520385742188 7.058963775634765625 9.805377960205078125 8.9829015731811523438 19.60489654541015625 21.406263351440429688 19.223876953125 21.75991058349609375 19.346891403198242188 24.744455337524414062 20.274602890014648438 17.059041976928710938 6.6836190223693847656 11.515405654907226562 14.311680793762207031 14.626542091369628906 11.812221527099609375 9.6382160186767578125 15.403672218322753906 10.513546943664550781 13.171254158020019531 17.718685150146484375 4.8347640037536621094 18.596832275390625 6.7620491981506347656
0 0 0 0 0 0 1.4012984643248170709e-45 1.4012984643248170709e-45 1.4012984643248170709e-45 1.4012984643248170709e-45 1.4012984643248170709e-45 1.4012984643248170709e-45 1.4012984643248170709e-45 1.4012984643248170709e-45 1.4012984643248170709e-45 4.3554244041442871094 12.347805976867675781 20.989099502563476562 11.134842872619628906 8.9765100479125976562 9.497859954833984375 12.493589401245117188 13.099401473999023438 20.635295867919921875 16.825185775756835938 13.737478256225585938 10.052698135375976562 21.3347320556640625 16.549427032470703125 15.286222457885742188 9.0690460205078125 18.233247756958007812 12.253753662109375 9.3548021316528320312 20.748327255249023438 7.0399041175842285156 12.193011283874511719 8.278106689453125 8.1817846298217773438 17.705652236938476562 6.0165839195251464844 16.754314422607421875 11.505942344665527344
0 0 0 0 0 0 1.4012984643248170709e-45 1.4012984643248170709e-45 1.4012984643248170709e-45 1.4012984643248170709e-45 1.4012984643248170709e-45 1.4012984643248170709e-45 0.29904532432556152344 4.9486761093139648438 8.2687129974365234375 14.351904869079589844 12.5857696533203125 14.745846748352050781 11.832233428955078125 6.9683008193969726562 12.381997108459472656 9.6612138748168945312 13.164335250854492188 13.084209442138671875 8.3972272872924804688 6.5115790367126464844 13.311084747314453125 19.25946807861328125 14.358727455139160156 10.254259109497070312 8.1966991424560546875 10.224114418029785156 7.5508561134338378906 4.9568243026733398438 18.145702362060546875 13.672800064086914062 17.045492172241210938 10.828946113586425781 9.7443552017211914062 15.097835540771484375 16.13887786865234375 17.777254104614257812 11.040511131286621094
0 0 0 0 0 1.4012984643248170709e-45 1.4012984643248170709e-45 1.4012984643248170709e-45 1.4012984643248170709e-45 1.4012984643248170709e-45 1.4012984643248170709e-45 1.4012984643248170709e-45 2.2527813911437988281 8.1431665420532226562 14.314637184143066406 12.9648590087890625 11.86614990234375 18.098968505859375 8.4560060501098632812 9.0028676986694335938 15.493174552917480469 16.969804763793945312 12.25356292724609375 6.1607837677001953125 5.2476296424865722656 9.3071470260620117188 16.428884506225585938 18.7993621826171875 23.286233901977539062 12.996419906616210938 13.450501441955566406 9.3972158432006835938 12.553866386413574219 10.567002296447753906 10.918631553649902344 15.937978744506835938 16.32903289794921875 8.96691131591796875 13.472262382507324219 13.018452644348144531 17.929162979125976562 13.165091514587402344 2.6715643405914306641
0 0 0 0 0 1.4012984643248170709e-45 1.4012984643248170709e-45 1.4012984643248170709e-45 1.4012984643248170709e-45 0.30433925986289978027 1.4012984643248170709e-45 2.1753511428833007812 3.8391110897064208984 4.0032763481140136719 6.5775027275085449219 11.667554855346679688 15.009983062744140625 16.677417755126953125 11.750439643859863281 3.5969746112823486328 11.123129844665527344 14.634423255920410156 9.9665517807006835938 9.6940679550170898438 11.507227897644042969 16.1597442626953125 10.569131851196289062 13.299283027648925781 19.540050506591796875 8.21855926513671875 13.620308876037597656 13.533107757568359375 12.074399948120117188 9.5001277923583984375 9.2802448272705078125 16.491209030151367188 10.823349952697753906 7.1192884445190429688 8.5780820846557617188 9.0289735794067382812 16.679548263549804688 6.2939410209655761719 3.7711210250854492188
0 0 0 0 0 1.4012984643248170709e-45 1.4012984643248170709e-45 1.4012984643248170709e-45 0.25583514571189880371 3.7614927291870117188 2.6420016288757324219 3.1885342597961425781 2.3665728569030761719 7.9814829826354980469 19.015741348266601562 12.449436187744140625 12.919514656066894531 15.50173187255859375 18.123414993286132812 11.190374374389648438 15.838521003723144531 14.058685302734375 7.15164947509765625 18.814281463623046875 12.861807823181152344 9.2722721099853515625 3.9682474136352539062 3.4356882572174072266 10.983087539672851562 16.09009552001953125 14.552609443664550781 11.80583953857421875 4.3773298263549804688 13.196455001831054688 7.8922166824340820312 12.722841262817382812 15.266584396362304688 14.165502548217773438 8.5432252883911132812 9.389308929443359375 13.416080474853515625 9.1573266983032226562 9.7381753921508789062
0 0 0 0 0 1.4012984643248170709e-45 1.4012984643248170709e-45 4.7556624412536621094 2.6304261684417724609 13.424066543579101562 4.6307406425476074219 5.1274461746215820312 6.9795413017272949219 17.201610565185546875 12.844040870666503906 8.5121316909790039062 7.6875185966491699219 15.313338279724121094 13.362051963806152344 8.2943639755249023438 15.878821372985839844 12.325204849243164062 7.6903243064880371094 9.5129451751708984375 5.0799288749694824219 3.6213622093200683594 8.8247461318969726562 9.1682529449462890625 9.5331621170043945312 14.346195220947265625 15.8734130859375 8.0882482528686523438 16.651508331298828125 13.016469955444335938 5.3734631538391113281 6.79167938232421875 5.0025372505187988281 4.725513458251953125 5.8895792961120605469 12.76922607421875 10.868958473205566406 16.046617507934570312 6.3443193435668945312
0 0 0 0 1.4012984643248170709e-45 1.4012984643248170709e-45 4.1652612686157226562 25.499227523803710938 19.678731918334960938 15.591614723205566406 11.170062065124511719 12.925534248352050781 15.928784370422363281 9.9283390045166015625 4.6860365867614746094 6.4135756492614746094 11.212115287780761719 17.900400161743164062 4.313350677490234375 4.7325654029846191406 5.9396982192993164062 4.8553218841552734375 13.345824241638183594 13.426396369934082031 7.0709743499755859375 8.5886554718017578125 13.452076911926269531 8.0406856536865234375 9.0654497146606445312 12.118498802185058594 8.8718481063842773438 2.8484666347503662109 8.0490741729736328125 8.7649030685424804688 6.58902740478515625 12.218038558959960938 16.440511703491210938 5.1354093551635742188 9.6748418807983398438 10.673781394958496094 3.3835191726684570312 10.727849006652832031 9.8689088821411132812
0 0 0 0 0.17474935948848724365 4.8256707191467285156 14.067583084106445312 15.522204399108886719 18.151205062866210938 17.099323272705078125 15.533731460571289062 13.255215644836425781 6.2313776016235351562 5.79654693603515625 4.4303541183471679688 8.404361724853515625 18.056133270263671875 16.99948883056640625 9.4878606796264648438 8.3828725814819335938 9.865955352783203125 6.1005954742431640625 6.6674866676330566406 13.000650405883789062 13.159898757934570312 19.767641067504882812 5.2919950485229492188 5.02948760986328125 8.2708005905151367188 5.2731447219848632812 6.5161442756652832031 4.2916960716247558594 5.2616839408874511719 10.893327713012695312 20.58847808837890625 18.295013427734375 22.602231979370117188 12.060076713562011719 15.846343994140625 16.097528457641601562 16.145517349243164062 12.147789955139160156 17.500518798828125
0 0 0 0 4.0876569747924804688 9.972385406494140625 10.832384109497070312 14.341762542724609375 11.904754638671875 15.202601432800292969 11.491908073425292969 18.156633377075195312 12.180612564086914062 11.969340324401855469 12.614727020263671875 12.598450660705566406 18.282596588134765625 14.095068931579589844 13.2022705078125 23.28588104248046875 22.34621429443359375 7.1080594062805175781 8.3511228561401367188 6.6119136810302734375 14.921021461486816406 8.3830890655517578125 7.3952813148498535156 11.549030303955078125 7.4882678985595703125 11.712633132934570312 8.9203624725341796875 5.596393585205078125 10.641484260559082031 16.47412872314453125 22.961179733276367188 17.304792404174804688 20.773500442504882812 19.229732513427734375 16.577077865600585938 18.153219223022460938 13.725974082946777344 12.862921714782714844 18.721128463745117188
0 0 0 1.4012984643248170709e-45 8.417720794677734375 14.43572998046875 14.254207611083984375 11.827806472778320312 4.5844659805297851562 15.676831245422363281 8.679790496826171875 19.849935531616210938 19.343191146850585938 21.446493148803710938 20.648508071899414062 13.646489143371582031 12.24265289306640625 14.089947700500488281 15.356257438659667969 20.762477874755859375 13.996046066284179688 12.422869682312011719 14.110075950622558594 6.1011018753051757812 11.307405471801757812 9.2743406295776367188 12.273439407348632812 19.828908920288085938 13.459629058837890625 5.9280290603637695312 7.0975260734558105469 6.4505524635314941406 18.486562728881835938 10.873700141906738281 12.844525337219238281 13.534916877746582031 13.060805320739746094 14.098620414733886719 18.071615219116210938 13.294614791870117188 8.8635663986206054688 15.586737632751464844 6.4901099205017089844
0 0 0 6.8116374015808105469 6.7619581222534179688 27.486742019653320312 15.594966888427734375 7.1658558845520019531 9.7066707611083984375 18.614559173583984375 19.207326889038085938 19.926189422607421875 19.227672576904296875 13.515949249267578125 16.5873565673828125 16.747575759887695312 10.926372528076171875 19.330858230590820312 14.330496788024902344 11.6041259765625 8.1152095794677734375 11.811191558837890625 17.927312850952148438 26.388708114624023438 14.758990287780761719 14.093503952026367188 10.728597640991210938 20.093309402465820312 4.8689503669738769531 13.791293144226074219 14.202496528625488281 7.8576679229736328125 10.757511138916015625 14.195328712463378906 15.2897491455078125 10.159935951232910156 12.611085891723632812 18.8896942138671875 13.708646774291992188 9.6492376327514648438 15.853275299072265625 4.6329655647277832031 15.526232719421386719
