Forest_LCP_Outputs/canopy_bulk_density.asc
ncols        250
nrows        253
xllcorner    -2044817.845419629943
yllcorner    2022214.475814298494
cellsize     26.855736874859
NODATA_value 0
[rows 152 to 170 of 253, columns 168 to 209 of 250]
0.15146265923976898193 0.079825446009635925293 0.11244111508131027222 0.086901225149631500244 0.08596916496753692627 0.132447853684425354 0.13909865915775299072 0.1333961188793182373 0.12362349778413772583 0.12411255389451980591 0.17213799059391021729 0.1936785280704498291 0.11429413408041000366 0.14222569763660430908 0.18012803792953491211 0.10538859665393829346 0.16692215204238891602 0.16842544078826904297 0.055798381567001342773 0.088295109570026397705 0.21098694205284118652 0.18301196396350860596 0.14800146222114562988 0.099023826420307159424 0.083535946905612945557 0.11357558518648147583 0.25150457024574279785 0.18961007893085479736 0.18157823383808135986 0.17161561548709869385 0.1856498420238494873 0.24118913710117340088 0.19439691305160522461 0.22729128599166870117 0.18578746914863586426 0.15854908525943756104 0.10079478472471237183 0.21032376587390899658 0.21847313642501831055 0.1740274280309677124 0.26551714539527893066 0.15644277632236480713
0.12880107760429382324 0.11930818110704421997 0.21310226619243621826 0.15854407846927642822 0.035325609147548675537 0.15516063570976257324 0.10790275782346725464 0.13754145801067352295 0.16701549291610717773 0.14866431057453155518 0.15906409919261932373 0.085526235401630401611 0.11764778196811676025 0.29271981120109558105 0.19220647215843200684 0.077579200267791748047 0.18686936795711517334 0.14290627837181091309 0.093545876443386077881 0.14253392815589904785 0.17167706787586212158 0.36886680126190185547 0.36144134402275085449 0.06956005096435546875 0.027292979881167411804 0.096412129700183868408 0.12941311299800872803 0.1232272908091545105 0.24158385396003723145 0.25009173154830932617 0.15386413037776947021 0.12055242806673049927 0.18154558539390563965 0.1573731154203414917 0.19011236727237701416 0.28780764341354370117 0.13349224627017974854 0.16393208503723144531 0.1368411630392074585 0.15976880490779876709 0.1303907930850982666 0.1359739154577255249
0.10973285883665084839 0.19605292379856109619 0.14134205877780914307 0.084154233336448669434 0.048946678638458251953 0.21887138485908508301 0.17578878998756408691 0.15549741685390472412 0.13731493055820465088 0.15291289985179901123 0.19219286739826202393 0.089369431138038635254 0.072794862091541290283 0.17844478785991668701 0.23482440412044525146 0.10691920667886734009 0.1796884685754776001 0.16286414861679077148 0.28780534863471984863 0.29883411526679992676 0.1118114963173866272 0.18455541133880615234 0.18021509051322937012 0.086418725550174713135 0.041372366249561309814 0.09846089780330657959 0.10633151233196258545 0.14507400989532470703 0.21055507659912109375 0.23066499829292297363 0.43401914834976196289 0.33211782574653625488 0.14004588127136230469 0.061516925692558288574 0.060264278203248977661 0.12831996381282806396 0.085134223103523254395 0.13581924140453338623 0.17666096985340118408 0.26719272136688232422 0.19293989241123199463 0.23519323766231536865
0.1032414361834526062 0.13828463852405548096 0.1553980708122253418 0.0959970131516456604 0.11870113760232925415 0.26604530215263366699 0.19850842654705047607 0.22810149192810058594 0.16003888845443725586 0.16195322573184967041 0.26220056414604187012 0.1803931891918182373 0.061442922800779342651 0.12901744246482849121 0.2717240452766418457 0.1918011009693145752 0.23705668747425079346 0.11295752227306365967 0.3828099668025970459 0.32122790813446044922 0.13927449285984039307 0.056517098098993301392 0.11302692443132400513 0.068618193268775939941 0.11941467970609664917 0.11359887570142745972 0.13694971799850463867 0.14539004862308502197 0.15294706821441650391 0.2052987515926361084 0.48292171955108642578 0.18251518905162811279 0.11332044750452041626 0.035024583339691162109 0.082146495580673217773 0.20316040515899658203 0.40160399675369262695 0.13873007893562316895 0.14437852799892425537 0.12681792676448822021 0.27398511767387390137 0.18499475717544555664
0.11773403733968734741 0.20482783019542694092 0.18689993023872375488 0.13995584845542907715 0.13715226948261260986 0.17729441821575164795 0.24293118715286254883 0.16288132965564727783 0.12638947367668151855 0.21356619894504547119 0.083386585116386413574 0.13711118698120117188 0.091862507164478302002 0.14106620848178863525 0.17505435645580291748 0.11051230877637863159 0.066335432231426239014 0.016983030363917350769 0.13983230292797088623 0.12351426482200622559 0.042351353913545608521 0.17634712159633636475 0.085332274436950683594 0.018276853486895561218 0.081661388278007507324 0.14431309700012207031 0.16369807720184326172 0.087407037615776062012 0.002443058183416724205 0.16440889239311218262 0.31890243291854858398 0.087288171052932739258 0.12878021597862243652 0.17702221870422363281 0.15805086493492126465 0.31874376535415649414 0.37963700294494628906 0.08041286468505859375 0.1300331801176071167 0.055900685489177703857 0.17145301401615142822 0.053935084491968154907
0.076310075819492340088 0.09089209139347076416 0.20338493585586547852 0.23206697404384613037 0.30284544825553894043 0.16513894498348236084 0.17980340123176574707 0.15656986832618713379 0.13370791077613830566 0.15698365867137908936 0.16286191344261169434 0.14880192279815673828 0.13643319904804229736 0.15335892140865325928 0.041776232421398162842 0.16685530543327331543 1.4012984643248170709e-45 0.0089194225147366523743 0.12295912206172943115 0.17028284072875976562 0.12277413904666900635 0.20295272767543792725 0.074372000992298126221 0.069765642285346984863 0.22329771518707275391 0.1573749929666519165 0.10068333148956298828 0.14560125768184661865 0.0010332732927054166794 0.051602840423583984375 0.098214253783226013184 0.16056750714778900146 0.14246763288974761963 0.1351798325777053833 0.13568688929080963135 0.22736284136772155762 0.18607696890830993652 0.018467331305146217346 0.035983938723802566528 1.4012984643248170709e-45 0.016617214307188987732 0.10540726780891418457
0.13784675300121307373 0.009244115091860294342 0.19659174978733062744 0.25584319233894348145 0.1337817460298538208 0.11834678053855895996 0.15932615101337432861 0.18289606273174285889 0.11921937763690948486 0.14846470952033996582 0.18720434606075286865 0.11484592407941818237 0.18377482891082763672 3.4531643905211240053e-05 0.017142057418823242188 0.171781882643699646 0.079606272280216217041 0.039970297366380691528 0.080446012318134307861 0.073778167366981506348 0.14199501276016235352 0.20190507173538208008 0.086706735193729400635 0.11255880445241928101 0.17190735042095184326 0.122881278395652771 0.1168761327862739563 0.17302422225475311279 1.4012984643248170709e-45 1.4012984643248170709e-45 0.050506897270679473877 0.21535626053810119629 0.13667313754558563232 0.042787909507751464844 0.062542133033275604248 0.13898742198944091797 0.1458234935998916626 1.4012984643248170709e-45 1.4012984643248170709e-45 1.4012984643248170709e-45 0.012338323518633842468 0.0030117845162749290466
0.26425468921661376953 1.4012984643248170709e-45 0.059095937758684158325 0.18024078011512756348 0.11088034510612487793 0.10565837472677230835 0.1657930910587310791 0.10478773713111877441 0.024898018687963485718 0.08054812997579574585 0.15218919515609741211 0.056148897856473922729 0.19836828112602233887 0.024852676317095756531 0.10176598280668258667 0.14424757659435272217 0.19425651431083679199 0.081248134374618530273 0.020061235874891281128 0.0067819487303495407104 0.18858967721462249756 0.28318631649017333984 0.15101532638072967529 0.036761179566383361816 0.056043330579996109009 0.14289721846580505371 0.25729757547378540039 0.29681482911109924316 0.11596024036407470703 0.009221034124493598938 0.14117836952209472656 0.11646209657192230225 0.060029432177543640137 0.047308638691902160645 0.010741610080003738403 0.069692134857177734375 0.11217546463012695312 0.043380249291658401489 1.4012984643248170709e-45 1.4012984643248170709e-45 0.11501697450876235962 0.024233657866716384888
0.17430980503559112549 0.028316153213381767273 1.4012984643248170709e-45 0.15915895998477935791 0.18900193274021148682 0.17425099015235900879 0.24850086867809295654 0.0034114881418645381927 0.0016376187559217214584 0.031569108366966247559 0.061255976557731628418 0.017602980136871337891 0.085257969796657562256 0.05295882001519203186 0.13842542469501495361 0.043504174798727035522 0.052057199180126190186 0.043751705437898635864 0.0021103969775140285492 0.067914292216300964355 0.15346318483352661133 0.032235719263553619385 0.070867463946342468262 0.013446265831589698792 0.048803202807903289795 0.089258216321468353271 0.08501755446195602417 0.22425515949726104736 0.12107399106025695801 0.0024416870437562465668 0.14916063845157623291 0.30797243118286132812 0.30236357450485229492 0.11329560726881027222 0.052950546145439147949 0.12621888518333435059 0.12253749370574951172 0.047581281512975692749 0.032132197171449661255 0.0080533772706985473633 0.14324875175952911377 0.21957086026668548584
0.21168823540210723877 0.060981199145317077637 1.4012984643248170709e-45 0.078021913766860961914 0.23827639222145080566 0.27722468972206115723 0.039441641420125961304 1.4012984643248170709e-45 1.4012984643248170709e-45 0.051691014319658279419 0.017467115074396133423 0.052739460021257400513 0.11936925351619720459 0.018195331096649169922 0.1214380413293838501 0.0043961321935057640076 0.10354958474636077881 0.039051320403814315796 0.022996645420789718628 0.1639820486307144165 0.21110872924327850342 0.053727205842733383179 0.023243691772222518921 0.0079101361334323883057 0.22762119770050048828 0.35959333181381225586 0.057447753846645355225 0.1739441603422164917 0.10325496643781661987 0.089415751397609710693 0.19716992974281311035 0.23689568042755126953 0.26532417535781860352 0.19749446213245391846 0.071394592523574829102 0.037209566682577133179 0.098273739218711853027 0.034402348101139068604 0.12091653048992156982 0.12631167471408843994 0.19842566549777984619 0.24163478612899780273
0.29832786321640014648 0.13898913562297821045 1.4012984643248170709e-45 0.045275315642356872559 0.21721175312995910645 0.20802101492881774902 0.10179316997528076172 0.032748211175203323364 0.063894234597682952881 0.18427798151969909668 0.035316556692123413086 0.01754359714686870575 0.058900289237499237061 1.4012984643248170709e-45 1.4012984643248170709e-45 0.0034941155463457107544 0.08206357806921005249 0.070374056696891784668 0.0053747915662825107574 0.11490467190742492676 0.13843332231044769287 0.081401459872722625732 0.0024569088127464056015 0.0040785474702715873718 0.11941999942064285278 0.10667743533849716187 0.11774715781211853027 0.13017173111438751221 0.062922492623329162598 0.020405175164341926575 0.034837234765291213989 0.094246059656143188477 0.071737974882125854492 0.0063898111693561077118 0.0010198005475103855133 0.030991543084383010864 0.063330180943012237549 0.028190623968839645386 0.10435600578784942627 0.19751721620559692383 0.17441982030868530273 0.14682920277118682861
0.26433640718460083008 0.18045257031917572021 0.071161560714244842529 0.045591317117214202881 0.10529460012912750244 0.24269445240497589111 0.23110784590244293213 0.068353563547134399414 0.19273996353149414062 0.004704041406512260437 1.4012984643248170709e-45 1.4012984643248170709e-45 1.4012984643248170709e-45 1.4012984643248170709e-45 1.4012984643248170709e-45 1.4012984643248170709e-45 0.091200374066829681396 0.092640750110149383545 0.0074453651905059814453 0.14640326797962188721 0.12968963384628295898 0.14503622055053710938 0.0090304696932435035706 1.4012984643248170709e-45 0.015115541405975818634 0.099496901035308837891 0.096050791442394256592 0.047923825681209564209 0.01487942039966583252 1.4012984643248170709e-45 1.4012984643248170709e-45 0.00098291167523711919785 0.015952553600072860718 0.087617762386798858643 0.10984821617603302002 0.07737531512975692749 0.10516268014907836914 0.076364271342754364014 0.033881612122058868408 0.21611292660236358643 0.075337417423725128174 0.16577474772930145264
0.095720298588275909424 0.097319826483726501465 0.040072690695524215698 0.021699119359254837036 0.14965510368347167969 0.15054568648338317871 0.15720529854297637939 0.087325707077980041504 0.12969322502613067627 0.074393473565578460693 1.4012984643248170709e-45 1.4012984643248170709e-45 1.4012984643248170709e-45 1.4012984643248170709e-45 1.4012984643248170709e-45 1.4012984643248170709e-45 0.049509700387716293335 0.12601757049560546875 0.0015416576061397790909 0.041100069880485534668 0.11632654815912246704 0.17963002622127532959 0.038299370557069778442 1.4012984643248170709e-45 0.048491604626178741455 0.14230015873908996582 0.050585407763719558716 0.0005209024529904127121 0.10082272440195083618 0.06266152113676071167 0.048021890223026275635 0.080430485308170318604 0.070095650851726531982 0.070699371397495269775 0.13392037153244018555 0.16080512106418609619 0.16858386993408203125 0.14610174298286437988 0.005645978730171918869 0.29382038116455078125 0.050264697521924972534 0.11776567250490188599
0.11395736783742904663 0.059478335082530975342 0.019719321280717849731 0.15687124431133270264 0.11778777092695236206 0.077077805995941162109 0.072720423340797424316 0.083909675478935241699 0.082614012062549591064 0.014129849150776863098 1.4012984643248170709e-45 1.4012984643248170709e-45 1.4012984643248170709e-45 1.4012984643248170709e-45 1.4012984643248170709e-45 1.4012984643248170709e-45 0.032577656209468841553 0.10464397817850112915 1.4012984643248170709e-45 0.037558946758508682251 0.13322797417640686035 0.26814323663711547852 0.15962085127830505371 0.011377622373402118683 0.11149882525205612183 0.076037257909774780273 0.13843891024589538574 0.15190687775611877441 0.15660278499126434326 0.41510331630706787109 0.44092768430709838867 0.26620644330978393555 0.078911989927291870117 0.13931579887866973877 0.15151220560073852539 0.17390500009059906006 0.13416688144207000732 0.13431860506534576416 0.10802275687456130981 0.22792573273181915283 0.23392879962921142578 0.27751126885414123535
0.20451234281063079834 0.14856500923633575439 0.16343750059604644775 0.22943201661109924316 0.1247126162052154541 0.077718757092952728271 0.094793967902660369873 0.14586453139781951904 0.029560331255197525024 1.4012984643248170709e-45 1.4012984643248170709e-45 1.4012984643248170709e-45 1.4012984643248170709e-45 1.4012984643248170709e-45 0.029856719076633453369 0.043900024145841598511 0.0049246749840676784515 0.056937959045171737671 0.14910119771957397461 0.12182524800300598145 0.10968945175409317017 0.17549730837345123291 0.11893103271722793579 0.088309362530708312988 0.061959411948919296265 0.0031903234776109457016 0.018754707649350166321 0.08008238673210144043 0.1414566338062286377 1.1553838253021240234 0.46451714634895324707 0.19712275266647338867 0.04519201815128326416 0.22723522782325744629 0.1136248856782913208 0.11633984744548797607 0.12161190062761306763 0.17330577969551086426 0.13567660748958587646 0.10651449859142303467 0.10952977836132049561 0.23297822475433349609
0.24226957559585571289 0.33637264370918273926 0.32143992185592651367 0.14795847237110137939 0.10210537165403366089 0.04364498332142829895 0.0019880926702171564102 0.029970295727252960205 0.010041522793471813202 0.052323758602142333984 1.4012984643248170709e-45 1.4012984643248170709e-45 0.043605118989944458008 0.075659029185771942139 0.097657680511474609375 0.16419799625873565674 0.1123201027512550354 0.17189925909042358398 0.23081293702125549316 0.11524970829486846924 0.018157232552766799927 0.090322293341159820557 0.075627803802490234375 0.10278910398483276367 0.023337630555033683777 0.057917699217796325684 0.045835930854082107544 0.11290894448757171631 0.16115731000900268555 0.025306748226284980774 0.11882042139768600464 0.13203567266464233398 0.044663831591606140137 0.16205060482025146484 0.1170320361852645874 0.16526968777179718018 0.25296571850776672363 0.19357304275035858154 0.15720790624618530273 0.23518642783164978027 0.17237152159214019775 0.16877979040145874023
0.2655124366283416748 0.15991903841495513916 0.065340660512447357178 0.054690945893526077271 0.036572579294443130493 0.1152264326810836792 0.048190888017416000366 1.4012984643248170709e-45 0.036846078932285308838 0.07880678027868270874 1.4012984643248170709e-45 0.066143043339252471924 0.11534190177917480469 0.14611665904521942139 0.027705058455467224121 0.10713311284780502319 0.25088039040565490723 0.20359048247337341309 0.12029928714036941528 0.14635489881038665771 0.066686220467090606689 0.037483368068933486938 0.087106749415397644043 0.12896528840065002441 0.1752093881368637085 0.11809843778610229492 0.093916051089763641357 0.1513945162296295166 0.14418771862983703613 0.080299109220504760742 0.14873945713043212891 0.10658296197652816772 0.08579645305871963501 0.11192672699689865112 0.14365470409393310547 0.16009318828582763672 0.36913228034973144531 0.076984681189060211182 0.10234306752681732178 0.1381549835205078125 0.15011201798915863037 0.13199800252914428711
0.12943203747272491455 0.017351450398564338684 1.4012984643248170709e-45 1.4012984643248170709e-45 1.4012984643248170709e-45 0.070228166878223419189 0.072306707501411437988 1.4012984643248170709e-45 1.4012984643248170709e-45 0.060490746051073074341 0.010602572932839393616 0.046162843704223632812 0.17381370067596435547 0.13969680666923522949 0.1190822795033454895 0.12877196073532104492 0.23283477127552032471 0.1711972653865814209 0.035413771867752075195 0.015425441786646842957 0.010996757075190544128 0.026737837120890617371 0.14615012705326080322 0.17606115341186523438 0.34876015782356262207 0.19564823806285858154 0.12173105031251907349 0.11429303139448165894 0.21420276165008544922 0.26284056901931762695 0.19593147933483123779 0.14694507420063018799 0.073824368417263031006 0.18893425166606903076 0.2648589015007019043 0.3218631446361541748 0.32493886351585388184 0.15095433592796325684 0.10279849916696548462 0.15509334206581115723 0.16417269408702850342 0.22727730870246887207
0.017479442059993743896 1.4012984643248170709e-45 1.4012984643248170709e-45 1.4012984643248170709e-45 1.4012984643248170709e-45 0.028886916115880012512 0.018794227391481399536 1.4012984643248170709e-45 1.4012984643248170709e-45 0.0859452858567237854 1.4012984643248170709e-45 0.05281767621636390686 0.22809277474880218506 0.20193104445934295654 0.12459222227334976196 0.043839920312166213989 0.171762123703956604 0.077707841992378234863 0.00080974784214049577713 0.040607139468193054199 0.0013731948565691709518 0.049317464232444763184 0.14879344403743743896 0.29376575350761413574 0.25614842772483825684 0.16590027511119842529 0.13081207871437072754 0.078310765326023101807 0.11357840895652770996 0.2578614652156829834 0.082685910165309906006 0.17035493254661560059 0.14935903251171112061 0.14615263044834136963 0.23939868807792663574 0.38378041982650756836 0.183849334716796875 0.081946425139904022217 0.10276247560977935791 0.19699589908123016357 0.19183667004108428955 0.12463643401861190796
