Forest_LCP_Outputs/canopy_base_height.asc
ncols        250
nrows        253
xllcorner    -2044817.845419629943
yllcorner    2022214.475814298494
cellsize     26.855736874859
NODATA_value 0
[rows 76 to 94 of 253, columns 43 to 85 of 250]
5.4070477485656738281 2.7362639904022216797 6.9954848289489746094 9.5392913818359375 8.7302846908569335938 6.4690003395080566406 2.0174086093902587891 10.394038200378417969 5.6278018951416015625 4.487667083740234375 9.89272308349609375 8.4332265853881835938 5.3383111953735351562 2.8035426139831542969 4.7777895927429199219 10.56854248046875 6.9718432426452636719 7.3957147598266601562 4.6938419342041015625 5.1476612091064453125 6.1316800117492675781 4.4886059761047363281 3.4101159572601318359 5.2020206451416015625 6.8705844879150390625 4.1421861648559570312 10.770280838012695312 9.94489288330078125 5.063629150390625 6.9142336845397949219 9.5303411483764648438 8.2560262680053710938 7.4652957916259765625 4.8065690994262695312 6.6674900054931640625 6.6370635032653808594 4.4423584938049316406 10.704445838928222656 7.2342729568481445312 2.9739506244659423828 1.93506622314453125 4.0527982711791992188 7.2882494926452636719
7.1897268295288085938 3.7358586788177490234 1.6825842857360839844 3.7337534427642822266 9.2246227264404296875 4.679119110107421875 2.9420526027679443359 6.1253170967102050781 4.5180263519287109375 3.8738799095153808594 10.058514595031738281 6.1047873497009277344 6.6225137710571289062 3.0509161949157714844 3.8822629451751708984 8.1922407150268554688 4.7729792594909667969 3.2632315158843994141 2.3123085498809814453 3.0282359123229980469 6.0693111419677734375 7.0350084304809570312 4.5738968849182128906 5.576992034912109375 9.3404493331909179688 2.9900898933410644531 6.9023332595825195312 11.355896949768066406 11.37305450439453125 10.118316650390625 10.38843536376953125 9.2169847488403320312 6.526020050048828125 5.5619416236877441406 9.7785139083862304688 6.74575042724609375 2.4444775581359863281 11.430727958679199219 9.351436614990234375 3.7330524921417236328 3.1809356212615966797 2.9991810321807861328 2.4564917087554931641
9.0946178436279296875 6.0287427902221679688 3.2345228195190429688 1.9085620641708374023 5.8347992897033691406 5.9621567726135253906 4.5732469558715820312 5.197360992431640625 3.5806949138641357422 3.1259031295776367188 11.667830467224121094 5.3106060028076171875 7.6116328239440917969 6.6249098777770996094 6.1279664039611816406 6.5279059410095214844 4.7333073616027832031 4.8103232383728027344 4.8636198043823242188 4.8911118507385253906 4.0600028038024902344 4.94835662841796875 7.4944181442260742188 3.7036988735198974609 4.51767730712890625 4.9451813697814941406 5.0781092643737792969 8.0576181411743164062 11.054713249206542969 9.8420515060424804688 8.1410884857177734375 7.1892685890197753906 4.0489330291748046875 4.4286370277404785156 5.6724157333374023438 5.7267971038818359375 5.0130629539489746094 8.777828216552734375 11.855654716491699219 6.4435968399047851562 5.9493794441223144531 3.3355839252471923828 3.0551517009735107422
7.1918020248413085938 6.1637940406799316406 6.2064409255981445312 2.9923949241638183594 6.8110074996948242188 7.1478619575500488281 7.7204389572143554688 8.8521404266357421875 5.1590838432312011719 2.9860258102416992188 8.0968837738037109375 6.0100717544555664062 8.5199785232543945312 8.443515777587890625 6.6814398765563964844 5.1143245697021484375 4.1079001426696777344 6.7893824577331542969 5.9795317649841308594 3.6783425807952880859 2.9587140083312988281 5.0085358619689941406 7.9463238716125488281 8.2567310333251953125 4.0322651863098144531 5.0375342369079589844 3.6510720252990722656 3.4660482406616210938 8.7433910369873046875 4.38404083251953125 2.8485989570617675781 10.173228263854980469 2.7866389751434326172 2.9085268974304199219 3.67604827880859375 4.4399709701538085938 6.079456329345703125 8.1900577545166015625 10.49131011962890625 6.2081723213195800781 4.9337568283081054688 6.6307153701782226562 6.6475987434387207031
5.3293619155883789062 3.5019612312316894531 8.787288665771484375 3.1096038818359375 13.139719009399414062 8.5763654708862304688 8.56341552734375 10.172142982482910156 6.7119879722595214844 3.4561564922332763672 4.5314874649047851562 7.5050153732299804688 9.4135999679565429688 4.5882344245910644531 6.8876557350158691406 4.6538023948669433594 3.5868163108825683594 8.4598979949951171875 6.6997890472412109375 7.404506683349609375 5.7296314239501953125 5.8158736228942871094 3.9872279167175292969 8.6127862930297851562 5.482570648193359375 4.5626416206359863281 1.4486562013626098633 7.1579689979553222656 3.6103601455688476562 2.2408456802368164062 7.0079455375671386719 9.2821712493896484375 5.3864808082580566406 6.0689396858215332031 7.3061118125915527344 4.7649178504943847656 8.5677490234375 10.884518623352050781 6.9465041160583496094 7.0685734748840332031 6.9341244697570800781 11.026972770690917969 11.546007156372070312
6.63968658447265625 4.6378426551818847656 5.445606231689453125 5.2451376914978027344 9.8462686538696289062 7.5849971771240234375 6.0163927078247070312 5.01274871826171875 2.5567698478698730469 2.2866468429565429688 3.1754002571105957031 4.722003936767578125 7.4078726768493652344 7.8800611495971679688 6.9844698905944824219 7.7024931907653808594 3.8756361007690429688 2.9921278953552246094 5.924983978271484375 5.8345689773559570312 4.8247952461242675781 7.3443369865417480469 5.0808882713317871094 8.6674442291259765625 9.2779226303100585938 8.0003709793090820312 5.1905274391174316406 8.9560060501098632812 5.8924918174743652344 9.48944091796875 11.675073623657226562 5.5153355598449707031 5.9570345878601074219 10.664276123046875 4.6066899299621582031 9.606784820556640625 7.6608839035034179688 8.2836465835571289062 7.9450726509094238281 8.364116668701171875 10.976447105407714844 9.51105499267578125 12.52203369140625
9.779270172119140625 7.134613037109375 6.9353113174438476562 4.3651113510131835938 6.0621294975280761719 6.007781982421875 4.520252227783203125 6.2851095199584960938 4.030231475830078125 2.2169439792633056641 2.4920229911804199219 5.5302405357360839844 8.0442037582397460938 6.3729381561279296875 6.1346478462219238281 7.8346343040466308594 3.4378528594970703125 1.1196491718292236328 5.8292756080627441406 4.7706809043884277344 9.4376392364501953125 4.7219448089599609375 5.7763490676879882812 7.9359440803527832031 8.5581483840942382812 6.7409281730651855469 6.1036958694458007812 7.0069537162780761719 11.016057014465332031 13.678084373474121094 12.23724365234375 0.9810021519660949707 5.8203601837158203125 8.9059991836547851562 5.6116428375244140625 6.1197924613952636719 4.4051938056945800781 7.3877458572387695312 7.4065837860107421875 9.2104425430297851562 8.6353292465209960938 7.96028900146484375 14.165301322937011719
6.469692230224609375 7.6091413497924804688 8.9629373550415039062 3.3029742240905761719 6.408771514892578125 3.1438846588134765625 5.0987911224365234375 7.6832060813903808594 6.1487636566162109375 6.1632642745971679688 7.0179386138916015625 8.6834774017333984375 6.9556531906127929688 3.8367245197296142578 3.0986115932464599609 7.0606141090393066406 6.3504285812377929688 1.4847745895385742188 12.640552520751953125 7.2119078636169433594 6.9401297569274902344 5.1391515731811523438 7.3978176116943359375 6.5719342231750488281 4.6555185317993164062 10.132063865661621094 3.4501466751098632812 9.1403951644897460938 5.5563592910766601562 8.0350408554077148438 7.3889575004577636719 6.1798071861267089844 7.89084625244140625 5.6460218429565429688 7.690273284912109375 4.7944779396057128906 3.4330046176910400391 8.63268280029296875 9.4756975173950195312 5.49700927734375 3.486751556396484375 10.10845947265625 10.7048492431640625
3.3874535560607910156 12.008374214172363281 6.3275637626647949219 4.1266560554504394531 4.7728281021118164062 2.7455480098724365234 4.74756622314453125 5.5917468070983886719 7.9157977104187011719 7.8188838958740234375 8.6746082305908203125 10.068693161010742188 7.4814043045043945312 4.9094290733337402344 5.0741963386535644531 5.0306215286254882812 6.4122319221496582031 5.3205041885375976562 9.8069057464599609375 4.6591410636901855469 5.3599834442138671875 7.5477690696716308594 6.8732151985168457031 3.7974240779876708984 2.6455960273742675781 10.962685585021972656 2.5132131576538085938 11.076083183288574219 5.9853839874267578125 5.2727532386779785156 5.610889434814453125 12.009797096252441406 9.453052520751953125 5.0763630867004394531 5.8380894660949707031 4.6790256500244140625 4.4373869895935058594 8.0505151748657226562 7.8655362129211425781 2.8014154434204101562 3.3461048603057861328 9.801357269287109375 11.560810089111328125
1.5048300027847290039 8.9069261550903320312 5.0755362510681152344 6.9416785240173339844 6.9730691909790039062 5.7056074142456054688 3.2224454879760742188 6.612087249755859375 4.773895263671875 6.43450164794921875 7.9577856063842773438 12.604417800903320312 6.350330352783203125 8.2430410385131835938 7.1704454421997070312 6.8651928901672363281 6.2214512825012207031 5.4050536155700683594 5.4574828147888183594 4.1735129356384277344 3.4207532405853271484 4.809329986572265625 3.5103561878204345703 7.7222270965576171875 6.1003084182739257812 7.8621907234191894531 2.1933562755584716797 8.9286632537841796875 8.900608062744140625 3.5831756591796875 5.4355192184448242188 8.582614898681640625 10.391114234924316406 3.3887693881988525391 6.5382761955261230469 8.1231088638305664062 5.320888519287109375 4.7121949195861816406 5.8811674118041992188 2.4700229167938232422 8.6046810150146484375 10.096410751342773438 7.9565448760986328125
5.9053444862365722656 7.6462421417236328125 7.2570118904113769531 8.2046375274658203125 5.2468023300170898438 5.9947519302368164062 5.7169170379638671875 9.7648725509643554688 5.2030858993530273438 4.2565522193908691406 5.9929342269897460938 9.598907470703125 9.2266473770141601562 10.833130836486816406 7.7250237464904785156 7.0552678108215332031 5.1040425300598144531 6.2074732780456542969 6.2678990364074707031 2.9559664726257324219 4.1145834922790527344 4.4120645523071289062 2.86944580078125 5.3685173988342285156 6.992229461669921875 6.0714583396911621094 4.1972837448120117188 8.006282806396484375 9.2632808685302734375 2.7762868404388427734 5.7797765731811523438 9.5574779510498046875 8.2435674667358398438 7.8013467788696289062 9.4507226943969726562 8.1643505096435546875 6.8549141883850097656 4.2865405082702636719 4.4566693305969238281 3.3959114551544189453 10.921717643737792969 10.8721771240234375 5.294384002685546875
7.8131971359252929688 7.5198965072631835938 7.7880907058715820312 5.1570811271667480469 3.0410890579223632812 7.9282784461975097656 11.013498306274414062 9.204708099365234375 4.6918892860412597656 4.5771541595458984375 7.00766754150390625 6.6559162139892578125 7.284023284912109375 10.820331573486328125 5.6419835090637207031 1.0117298364639282227 3.037578582763671875 7.3155336380004882812 8.1170330047607421875 6.6609988212585449219 6.9825930595397949219 5.0018124580383300781 6.2147707939147949219 4.46634674072265625 5.0202002525329589844 5.2476468086242675781 6.7873125076293945312 3.7634387016296386719 8.9219427108764648438 6.4399557113647460938 8.9583415985107421875 5.9896678924560546875 6.6417551040649414062 9.7301845550537109375 5.9345192909240722656 5.8328351974487304688 8.8065443038940429688 7.5694913864135742188 6.8007550239562988281 6.5465850830078125 9.2665071487426757812 10.047905921936035156 7.5330057144165039062
6.1840777397155761719 12.567018508911132812 10.777223587036132812 4.1785879135131835938 6.1867818832397460938 7.3081579208374023438 8.2654314041137695312 6.1140255928039550781 8.1121034622192382812 7.5733995437622070312 9.59726715087890625 7.8301763534545898438 6.6263937950134277344 12.446293830871582031 2.2627995014190673828 3.4050934314727783203 3.6196248531341552734 7.6257843971252441406 8.2257833480834960938 6.5944275856018066406 7.4280962944030761719 6.3222985267639160156 6.34326171875 5.604099273681640625 5.3603992462158203125 7.2618799209594726562 7.6023125648498535156 4.7321109771728515625 10.386783599853515625 7.8817896842956542969 6.3538117408752441406 3.4531943798065185547 5.7778863906860351562 6.7539935111999511719 4.0775699615478515625 10.471074104309082031 5.9623551368713378906 9.0678539276123046875 7.3052420616149902344 4.7088956832885742188 8.9790716171264648438 7.8610258102416992188 5.7659268379211425781
10.696503639221191406 14.336023330688476562 9.7022609710693359375 5.7230582237243652344 5.9001560211181640625 4.2167110443115234375 4.0197463035583496094 7.3224239349365234375 10.490297317504882812 8.4601688385009765625 6.6523528099060058594 6.2700376510620117188 7.6517333984375 8.5712299346923828125 5.8818464279174804688 9.5416193008422851562 6.6634945869445800781 6.5749526023864746094 3.1230063438415527344 6.4240236282348632812 7.8711094856262207031 4.5143256187438964844 4.7176756858825683594 6.4298305511474609375 4.6473593711853027344 7.9589514732360839844 5.6730127334594726562 7.8731508255004882812 12.168688774108886719 4.630046844482421875 5.2332696914672851562 6.552288055419921875 4.315799713134765625 5.9719271659851074219 4.965030670166015625 10.178277969360351562 4.9118814468383789062 5.8962702751159667969 6.3526525497436523438 6.7661771774291992188 10.718440055847167969 5.8082222938537597656 3.6971642971038818359
10.370327949523925781 9.6839246749877929688 7.7506937980651855469 5.3996305465698242188 5.4751739501953125 5.6926360130310058594 2.9052872657775878906 8.632907867431640625 5.8426580429077148438 10.301914215087890625 6.5133275985717773438 3.4463860988616943359 5.71009063720703125 7.0300111770629882812 4.45975494384765625 4.6845726966857910156 8.067432403564453125 5.862323760986328125 6.0740952491760253906 5.5831432342529296875 5.59563446044921875 3.8800880908966064453 6.2810292243957519531 6.0420789718627929688 7.0057010650634765625 5.8569850921630859375 3.0504651069641113281 6.3463778495788574219 13.40576171875 7.02838897705078125 3.6124873161315917969 7.2678332328796386719 6.0838637351989746094 5.8129177093505859375 4.6503233909606933594 9.1636867523193359375 9.8336362838745117188 5.5299005508422851562 3.6797702312469482422 7.015697479248046875 12.247080802917480469 5.9290413856506347656 5.89061737060546875
5.5759501457214355469 7.4341297149658203125 11.165821075439453125 5.3388085365295410156 9.5988149642944335938 8.180431365966796875 2.4216365814208984375 4.0870661735534667969 3.5736036300659179688 6.6537089347839355469 8.6849927902221679688 4.961795806884765625 4.4038267135620117188 6.5068526268005371094 4.8535223007202148438 6.3827300071716308594 6.5121393203735351562 8.4481344223022460938 10.448536872863769531 7.4531455039978027344 5.3379473686218261719 6.2876176834106445312 4.4236102104187011719 4.8172354698181152344 5.6269626617431640625 4.3186426162719726562 3.8665258884429931641 5.5773181915283203125 8.2527675628662109375 8.5003681182861328125 3.4591767787933349609 5.9256968498229980469 6.4416718482971191406 4.0048303604125976562 7.8064327239990234375 8.5940771102905273438 7.9427738189697265625 7.0547223091125488281 1.6277600526809692383 6.3532671928405761719 9.8454799652099609375 4.7753190994262695312 5.9420313835144042969
4.8540978431701660156 8.8734998703002929688 12.598821640014648438 10.048772811889648438 7.273654937744140625 4.2917652130126953125 1.9429219961166381836 4.4136257171630859375 3.1712825298309326172 4.0225081443786621094 7.4976649284362792969 7.571598052978515625 6.2467060089111328125 5.0575399398803710938 5.22571563720703125 7.7353382110595703125 4.614612579345703125 9.1830911636352539062 9.318439483642578125 8.6551942825317382812 8.82509613037109375 6.5631194114685058594 4.4356069564819335938 4.3922333717346191406 5.1247043609619140625 5.0239458084106445312 6.3797268867492675781 6.2904133796691894531 7.2880349159240722656 6.8531465530395507812 5.9606885910034179688 9.2393589019775390625 6.9233064651489257812 5.7851519584655761719 12.545172691345214844 2.5425786972045898438 4.88304901123046875 8.3741140365600585938 5.0372180938720703125 4.7560362815856933594 6.1900372505187988281 2.0732297897338867188 7.4021625518798828125
3.2607550621032714844 6.1016774177551269531 9.9465541839599609375 7.5161676406860351562 4.6414008140563964844 5.3060712814331054688 4.5549411773681640625 5.7972850799560546875 9.0022878646850585938 2.3674967288970947266 6.7422895431518554688 10.126807212829589844 8.5663356781005859375 8.2401952743530273438 5.1678342819213867188 6.85720062255859375 7.2653870582580566406 7.7745785713195800781 4.9214148521423339844 11.480088233947753906 9.0528230667114257812 7.2094464302062988281 9.2681674957275390625 7.7421622276306152344 5.0479612350463867188 5.1300144195556640625 4.149196624755859375 8.1793413162231445312 5.4862256050109863281 4.80615997314453125 4.7877421379089355469 4.51502227783203125 4.9053540229797363281 8.9565410614013671875 9.4565296173095703125 2.3471381664276123047 3.7200915813446044922 7.0594420433044433594 6.7322573661804199219 5.0379018783569335938 5.3765206336975097656 0.73116433620452880859 8.0280218124389648438
2.5229542255401611328 4.5035471916198730469 6.2485151290893554688 5.3254919052124023438 6.4560937881469726562 7.1679949760437011719 6.3480448722839355469 5.2313961982727050781 8.3418798446655273438 8.9557561874389648438 10.223752975463867188 11.639252662658691406 9.5090541839599609375 6.37127685546875 4.781757354736328125 7.6678333282470703125 4.7038736343383789062 7.2976655960083007812 8.23773193359375 10.185153961181640625 8.31783294677734375 8.055675506591796875 7.1160655021667480469 9.0370473861694335938 6.1381850242614746094 7.8491072654724121094 3.6615338325500488281 6.0404438972473144531 7.6008634567260742188 1.9807912111282348633 4.990612030029296875 6.0264067649841308594 3.6920073032379150391 8.98075103759765625 7.0374555587768554688 2.9001047611236572266 2.023937225341796875 6.6891570091247558594 5.5748014450073242188 9.8162288665771484375 5.4577145576477050781 6.9240388870239257812 5.8400540351867675781
