Forest_LCP_Outputs/canopy_height.asc
ncols        250
nrows        253
xllcorner    -2044817.845419629943
yllcorner    2022214.475814298494
cellsize     26.855736874859
NODATA_value 0
[rows 171 to 189 of 253, columns 86 to 128 of 250]
8.5510873794555664062 19.526277542114257812 13.229099273681640625 17.126251220703125 18.204568862915039062 12.597606658935546875 10.501605987548828125 9.6050510406494140625 12.495652198791503906 14.187722206115722656 9.6176748275756835938 15.973940849304199219 5.2168774604797363281 13.28980255126953125 8.4225902557373046875 3.3211874961853027344 5.4182758331298828125 17.476671218872070312 15.760178565979003906 9.9936771392822265625 18.252523422241210938 12.945502281188964844 9.1213140487670898438 10.888948440551757812 10.937671661376953125 8.9825067520141601562 12.590127944946289062 10.836370468139648438 6.3334712982177734375 7.5548915863037109375 7.0102400779724121094 9.0792798995971679688 5.4743213653564453125 10.740833282470703125 8.866878509521484375 6.93360137939453125 9.0175561904907226562 15.087314605712890625 17.025270462036132812 5.4245123863220214844 1.9734894037246704102 15.018874168395996094 9.2004022598266601562
9.828052520751953125 9.6920108795166015625 7.2513875961303710938 11.569998741149902344 5.5258479118347167969 7.8069162368774414062 6.4674124717712402344 19.980070114135742188 16.962522506713867188 17.89992523193359375 11.613187789916992188 17.419981002807617188 15.449678421020507812 19.7975006103515625 20.577754974365234375 6.1907773017883300781 7.7140941619873046875 19.084405899047851562 14.357709884643554688 13.995149612426757812 8.504108428955078125 5.36087799072265625 8.1365995407104492188 16.59755706787109375 14.314065933227539062 7.4910645484924316406 8.4415149688720703125 18.163768768310546875 10.890402793884277344 3.372379302978515625 12.753992080688476562 10.48029327392578125 10.487805366516113281 11.640631675720214844 13.269141197204589844 8.739437103271484375 9.0258989334106445312 20.137865066528320312 12.039702415466308594 0.72827810049057006836 8.7450847625732421875 17.058746337890625 7.7249555587768554688
9.1485462188720703125 7.8557410240173339844 10.770442008972167969 10.680545806884765625 6.5296349525451660156 22.36688232421875 11.016656875610351562 14.942769050598144531 15.218458175659179688 18.984308242797851562 20.718204498291015625 17.728260040283203125 19.015985488891601562 19.77625274658203125 20.420015335083007812 5.9810419082641601562 16.019998550415039062 12.037463188171386719 6.7418923377990722656 10.478823661804199219 16.4459686279296875 9.6483545303344726562 9.0032224655151367188 15.67969512939453125 17.698638916015625 7.9685907363891601562 5.6347060203552246094 18.988374710083007812 20.854948043823242188 7.7234773635864257812 12.087197303771972656 15.878031730651855469 12.008360862731933594 16.776752471923828125 10.892381668090820312 13.650125503540039062 9.6503686904907226562 16.244464874267578125 19.911138534545898438 3.3226451873779296875 11.619863510131835938 4.0421471595764160156 5.0145082473754882812
19.338132858276367188 9.0541009902954101562 11.466791152954101562 12.966001510620117188 14.99286651611328125 15.69048309326171875 13.358256340026855469 10.972622871398925781 11.198455810546875 6.685764312744140625 22.780305862426757812 13.464564323425292969 19.444723129272460938 14.976735115051269531 5.7656164169311523438 8.3463897705078125 15.473164558410644531 12.438597679138183594 9.3621568679809570312 13.137846946716308594 23.913518905639648438 13.784037590026855469 8.9892177581787109375 15.798265457153320312 8.7653484344482421875 9.9160642623901367188 8.660491943359375 18.697412490844726562 12.223528861999511719 6.0055966377258300781 10.782057762145996094 13.846402168273925781 15.860103607177734375 24.178569793701171875 4.6215872764587402344 18.992626190185546875 10.15181732177734375 8.1125583648681640625 11.980847358703613281 5.6424908638000488281 6.3817300796508789062 4.1820530891418457031 7.3942561149597167969
21.857263565063476562 12.666703224182128906 9.169109344482421875 7.4701485633850097656 18.179132461547851562 11.759602546691894531 17.2470550537109375 13.003477096557617188 17.730260848999023438 17.507135391235351562 13.860103607177734375 10.381967544555664062 12.369874000549316406 5.0008630752563476562 9.8223142623901367188 13.013892173767089844 18.857273101806640625 13.612261772155761719 9.2830572128295898438 21.460111618041992188 22.520380020141601562 14.162606239318847656 4.5413269996643066406 13.498430252075195312 12.05438232421875 11.677098274230957031 9.602092742919921875 5.5596632957458496094 6.2789826393127441406 7.3527722358703613281 8.3085317611694335938 4.5526247024536132812 13.603354454040527344 15.302625656127929688 11.290242195129394531 17.14485931396484375 15.005315780639648438 14.180966377258300781 8.041156768798828125 2.3934893608093261719 0.38270589709281921387 16.510402679443359375 11.25243377685546875
16.007791519165039062 16.86084747314453125 26.123065948486328125 7.0344982147216796875 18.423200607299804688 6.3626132011413574219 8.4619703292846679688 12.769453048706054688 15.627926826477050781 12.242748260498046875 7.1155171394348144531 7.1877999305725097656 10.365403175354003906 16.70166778564453125 14.054472923278808594 17.09784698486328125 12.531290054321289062 3.4754533767700195312 10.214863777160644531 20.50716400146484375 12.325636863708496094 11.675881385803222656 12.924837112426757812 15.112601280212402344 12.97165679931640625 15.612544059753417969 22.795324325561523438 14.944181442260742188 12.676912307739257812 12.420724868774414062 16.039644241333007812 20.30115509033203125 18.888731002807617188 17.046733856201171875 23.142490386962890625 19.61136627197265625 17.245027542114257812 13.7304840087890625 4.471065521240234375 2.8517384529113769531 0.29789751768112182617 6.73230743408203125 11.76267242431640625
4.8036127090454101562 18.096515655517578125 8.7698297500610351562 16.545627593994140625 11.598819732666015625 7.967578887939453125 6.2861237525939941406 14.759076118469238281 13.695125579833984375 7.4751749038696289062 13.534699440002441406 18.437961578369140625 9.2970876693725585938 18.06705474853515625 8.2971649169921875 11.685608863830566406 13.960675239562988281 9.0715999603271484375 12.983926773071289062 10.806955337524414062 8.4158754348754882812 15.381505966186523438 14.298923492431640625 19.100000381469726562 17.380504608154296875 18.86556243896484375 8.2047319412231445312 12.961032867431640625 15.802870750427246094 12.149059295654296875 11.234800338745117188 24.670442581176757812 18.323038101196289062 16.663480758666992188 16.651580810546875 4.8798556327819824219 14.456072807312011719 8.0806283950805664062 10.174825668334960938 24.460601806640625 11.204585075378417969 7.3151879310607910156 12.765761375427246094
7.3790740966796875 15.122347831726074219 7.5825476646423339844 9.800090789794921875 8.90811920166015625 20.536878585815429688 18.115367889404296875 18.601648330688476562 6.2451930046081542969 9.2978734970092773438 3.9870686531066894531 21.367204666137695312 6.3549637794494628906 8.9466876983642578125 14.340951919555664062 16.523302078247070312 14.312485694885253906 16.020315170288085938 12.010165214538574219 3.845378875732421875 10.097942352294921875 7.7642621994018554688 13.021050453186035156 22.279571533203125 20.770290374755859375 10.876734733581542969 11.024433135986328125 11.926487922668457031 10.791499137878417969 14.059922218322753906 10.960393905639648438 25.091251373291015625 8.9806509017944335938 19.817409515380859375 12.757427215576171875 16.371381759643554688 12.636148452758789062 8.8257465362548828125 7.9454984664916992188 21.217830657958984375 12.228377342224121094 18.070770263671875 9.6079530715942382812
14.325206756591796875 10.659436225891113281 8.587764739990234375 6.1122350692749023438 3.3557007312774658203 6.577301025390625 8.7593679428100585938 10.105411529541015625 5.0807647705078125 6.2591915130615234375 15.575373649597167969 19.148237228393554688 8.970745086669921875 8.0241384506225585938 8.5816450119018554688 7.8616685867309570312 12.409647941589355469 13.823534011840820312 10.030359268188476562 8.2552490234375 15.237224578857421875 11.415009498596191406 9.5736064910888671875 7.2276778221130371094 9.1015949249267578125 13.044368743896484375 17.455852508544921875 17.804651260375976562 17.948055267333984375 19.908460617065429688 6.8017530441284179688 19.546628952026367188 22.5419921875 19.02986907958984375 11.68704986572265625 17.286678314208984375 12.084033966064453125 5.2228312492370605469 8.1352138519287109375 12.146325111389160156 13.083889961242675781 19.442003250122070312 10.898880958557128906
18.648839950561523438 18.660531997680664062 10.282740592956542969 10.794130325317382812 4.0651721954345703125 10.049733161926269531 4.8288388252258300781 7.1157937049865722656 11.498301506042480469 17.683139801025390625 16.741876602172851562 14.41219329833984375 6.800678253173828125 12.837549209594726562 8.947658538818359375 12.843911170959472656 11.037070274353027344 9.8287782669067382812 11.930054664611816406 13.265195846557617188 14.839901924133300781 16.186662673950195312 9.3285875320434570312 16.075708389282226562 12.795992851257324219 17.442371368408203125 13.421048164367675781 24.020700454711914062 16.40160369873046875 9.1870412826538085938 9.3989534378051757812 16.334203720092773438 18.490785598754882812 14.186292648315429688 10.861763954162597656 16.525432586669921875 7.9420413970947265625 14.78794097900390625 5.0060496330261230469 7.8273901939392089844 12.14702606201171875 8.3192596435546875 6.3404831886291503906
15.485747337341308594 13.073331832885742188 14.334436416625976562 6.7634234428405761719 7.6173105239868164062 14.698412895202636719 7.9664297103881835938 9.2082672119140625 15.727370262145996094 20.77417755126953125 15.921121597290039062 4.2721390724182128906 3.5254614353179931641 4.8474049568176269531 6.7871150970458984375 11.975861549377441406 13.955191612243652344 14.938977241516113281 19.388372421264648438 13.019678115844726562 9.146228790283203125 14.822225570678710938 3.7736704349517822266 8.5865392684936523438 13.608684539794921875 15.319635391235351562 9.0621433258056640625 11.897919654846191406 9.1406707763671875 7.0898647308349609375 11.743165016174316406 11.965523719787597656 10.694273948669433594 11.493976593017578125 13.894749641418457031 16.4340362548828125 19.565084457397460938 10.445050239562988281 8.6384325027465820312 11.600489616394042969 5.8796076774597167969 3.6433606147766113281 5.9564280509948730469
13.212615013122558594 12.340433120727539062 22.340375900268554688 17.20044708251953125 10.19696044921875 11.448477745056152344 5.6353673934936523438 18.385633468627929688 9.3604907989501953125 10.180511474609375 12.794709205627441406 8.6379337310791015625 10.130787849426269531 3.8168759346008300781 6.4301524162292480469 8.564373016357421875 12.075953483581542969 15.058398246765136719 14.190207481384277344 4.2091441154479980469 9.8764820098876953125 9.1689662933349609375 19.976741790771484375 12.854990005493164062 11.00348663330078125 13.926510810852050781 20.380079269409179688 9.2213897705078125 10.113028526306152344 12.637693405151367188 3.4254469871520996094 19.522548675537109375 7.4818134307861328125 13.386969566345214844 14.262513160705566406 13.107366561889648438 9.523708343505859375 7.5014696121215820312 12.446115493774414062 19.587793350219726562 11.634552955627441406 11.781420707702636719 4.9469823837280273438
11.966419219970703125 13.537044525146484375 9.246868133544921875 10.377859115600585938 9.6763200759887695312 6.9405736923217773438 8.9050493240356445312 7.5709595680236816406 4.9209089279174804688 7.8359093666076660156 10.076912879943847656 15.334439277648925781 16.181638717651367188 7.8365378379821777344 10.669429779052734375 14.918056488037109375 12.495835304260253906 16.370054244995117188 10.897217750549316406 4.7991347312927246094 9.4975061416625976562 7.9359331130981445312 17.499258041381835938 15.489437103271484375 12.748715400695800781 9.8062047958374023438 16.098508834838867188 3.151607513427734375 19.11681365966796875 18.015645980834960938 8.63394927978515625 16.651355743408203125 12.222148895263671875 12.451480865478515625 13.058478355407714844 15.062372207641601562 8.8736696243286132812 9.5773038864135742188 7.9527144432067871094 26.221593856811523438 15.3211822509765625 14.909113883972167969 4.2698197364807128906
6.2783322334289550781 15.976804733276367188 9.8194513320922851562 12.582129478454589844 12.957297325134277344 13.113057136535644531 9.8661670684814453125 4.6285700798034667969 9.4423418045043945312 12.568425178527832031 22.184019088745117188 17.355882644653320312 15.9106597900390625 11.095218658447265625 19.631105422973632812 11.113572120666503906 12.934983253479003906 18.193241119384765625 13.316302299499511719 5.8665113449096679688 11.197848320007324219 12.299427986145019531 15.847378730773925781 16.430545806884765625 15.465776443481445312 5.6752910614013671875 8.0648641586303710938 11.672220230102539062 18.670581817626953125 10.336806297302246094 12.556281089782714844 15.6253509521484375 18.564897537231445312 8.5326604843139648438 11.654912948608398438 17.93550872802734375 7.1368627548217773438 13.769014358520507812 2.8732173442840576172 7.8304762840270996094 13.005154609680175781 13.404591560363769531 7.5822610855102539062
9.5252704620361328125 11.141518592834472656 10.868926048278808594 12.311582565307617188 11.106698036193847656 9.9463481903076171875 11.060699462890625 11.979130744934082031 18.538333892822265625 6.4366278648376464844 8.93829345703125 20.8907012939453125 14.420444488525390625 17.91289520263671875 18.45245361328125 12.676617622375488281 16.664625167846679688 16.592741012573242188 10.573760032653808594 5.9069809913635253906 21.13025665283203125 10.980929374694824219 13.622708320617675781 10.334614753723144531 19.50185394287109375 15.850948333740234375 12.199582099914550781 16.83349609375 16.546266555786132812 9.9630889892578125 8.1081695556640625 16.009767532348632812 19.7910919189453125 11.113397598266601562 7.32049560546875 15.8002166748046875 6.055988311767578125 14.93152618408203125 13.842053413391113281 5.9553194046020507812 14.463093757629394531 16.291296005249023438 20.535762786865234375
9.623645782470703125 9.4154386520385742188 9.8414821624755859375 9.8444700241088867188 5.1452054977416992188 5.9062299728393554688 8.3756389617919921875 16.313779830932617188 21.628108978271484375 19.3713226318359375 15.26174163818359375 18.215799331665039062 12.033120155334472656 15.5718994140625 20.409337997436523438 11.236716270446777344 16.092992782592773438 8.5693531036376953125 15.086240768432617188 18.49359130859375 20.256273269653320312 8.4438810348510742188 11.353926658630371094 10.545430183410644531 20.135906219482421875 15.151655197143554688 13.52935791015625 7.0564808845520019531 9.8384962081909179688 14.095233917236328125 4.6778435707092285156 13.156771659851074219 15.057044029235839844 10.092770576477050781 13.649786949157714844 15.489561080932617188 8.768878936767578125 15.655771255493164062 19.6905975341796875 13.956383705139160156 18.145870208740234375 15.892176628112792969 16.974859237670898438
11.103677749633789062 7.7112994194030761719 8.8173208236694335938 15.403261184692382812 21.477443695068359375 12.410256385803222656 9.045806884765625 13.894245147705078125 16.870555877685546875 14.42192840576171875 17.347356796264648438 13.752264976501464844 6.4512104988098144531 5.1719107627868652344 8.8951129913330078125 5.6471414566040039062 14.97808074951171875 13.890508651733398438 16.79673004150390625 18.171457290649414062 11.657402992248535156 5.8017339706420898438 15.222995758056640625 13.104701042175292969 14.667464256286621094 8.3454046249389648438 20.766656875610351562 9.47183990478515625 10.377022743225097656 10.851380348205566406 8.227237701416015625 6.3100876808166503906 6.0624995231628417969 13.478095054626464844 21.9011383056640625 25.004352569580078125 6.7816262245178222656 16.19741058349609375 22.398893356323242188 16.67726898193359375 11.87331390380859375 9.728122711181640625 12.633080482482910156
11.202380180358886719 6.624301910400390625 8.46623992919921875 11.201582908630371094 20.853221893310546875 14.062838554382324219 13.700119972229003906 17.964176177978515625 14.635890007019042969 18.893390655517578125 17.58325958251953125 13.764960289001464844 13.520073890686035156 8.2491903305053710938 15.357885360717773438 14.117862701416015625 12.00032806396484375 13.912958145141601562 16.282167434692382812 13.749052047729492188 7.9220709800720214844 4.9750199317932128906 9.6114940643310546875 10.977397918701171875 8.8462238311767578125 18.795888900756835938 17.568098068237304688 9.9025640487670898438 9.0147705078125 7.4563627243041992188 12.990733146667480469 15.124979972839355469 7.0480294227600097656 19.874734878540039062 23.803873062133789062 17.215839385986328125 6.7075495719909667969 18.286985397338867188 14.232967376708984375 8.8697996139526367188 12.501085281372070312 12.602230072021484375 12.170511245727539062
11.647076606750488281 7.0608201026916503906 4.366901397705078125 9.3013124465942382812 14.5815277099609375 9.91576385498046875 4.445056915283203125 17.023511886596679688 21.418760299682617188 19.859865188598632812 14.96685028076171875 5.8560628890991210938 13.540328025817871094 10.65457916259765625 22.446483612060546875 21.720607757568359375 11.759507179260253906 21.306392669677734375 22.241884231567382812 11.830377578735351562 16.10253143310546875 17.281366348266601562 6.7329282760620117188 10.545451164245605469 8.8385906219482421875 18.1919097900390625 17.587606430053710938 12.201290130615234375 12.859338760375976562 11.713868141174316406 11.3387451171875 9.02368927001953125 13.394434928894042969 20.669672012329101562 23.945726394653320312 18.159587860107421875 12.530060768127441406 16.696460723876953125 11.888124465942382812 14.959115982055664062 18.023523330688476562 10.749659538269042969 17.112329483032226562
