Forest_LCP_Outputs/canopy_bulk_density.asc
ncols        250
nrows        253
xllcorner    -2044817.845419629943
yllcorner    2022214.475814298494
cellsize     26.855736874859
NODATA_value 0
[rows 190 to 208 of 253, columns 42 to 83 of 250]
0.22161413729190826416 0.16649539768695831299 0.12535884976387023926 0.10798518359661102295 0.10463354736566543579 0.055422320961952209473 0.22715857625007629395 0.20206511020660400391 0.15445891022682189941 0.22445857524871826172 0.19345861673355102539 0.53380846977233886719 0.47747379541397094727 0.30918270349502563477 0.14329038560390472412 0.12774093449115753174 0.17968565225601196289 0.10638680309057235718 0.11384646594524383545 0.15310451388359069824 0.21496467292308807373 0.14143826067447662354 0.22613227367401123047 0.17131109535694122314 0.18829794228076934814 0.10584619641304016113 0.088000372052192687988 0.10736475139856338501 0.17096439003944396973 0.18225584924221038818 0.10241021960973739624 0.069058604538440704346 0.14672450721263885498 0.13223923742771148682 0.18952342867851257324 0.24807134270668029785 0.10285545885562896729 0.18782956898212432861 0.13838371634483337402 0.18075986206531524658 0.25295594334602355957 0.10405360162258148193
0.22699625790119171143 0.13835254311561584473 0.11580725014209747314 0.14861194789409637451 0.12136980891227722168 0.17201162874698638916 0.26948449015617370605 0.7705199122428894043 0.58339029550552368164 0.19918359816074371338 0.17243218421936035156 0.17067492008209228516 0.077006712555885314941 0.29314944148063659668 0.12626254558563232422 0.12747259438037872314 0.24473251402378082275 0.31527894735336303711 0.13713026046752929688 0.15247872471809387207 0.22465713322162628174 0.13707840442657470703 0.13222825527191162109 0.15348117053508758545 0.11744536459445953369 0.12421160191297531128 0.11027582734823226929 0.11334741115570068359 0.10746462643146514893 0.061165105551481246948 0.096377640962600708008 0.19178831577301025391 0.12498451024293899536 0.090304605662822723389 0.10610112547874450684 0.10140594840049743652 0.16355316340923309326 0.12320140749216079712 0.138483390212059021 0.22723671793937683105 0.12157255411148071289 0.099062278866767883301
0.12468161433935165405 0.11726140230894088745 0.1448729783296585083 0.21708256006240844727 0.15539950132369995117 0.18214106559753417969 0.13398487865924835205 0.22938607633113861084 0.21323587000370025635 0.16445443034172058105 0.089461795985698699951 0.12102644145488739014 0.06051487848162651062 0.1632963716983795166 0.18351997435092926025 0.11219087988138198853 0.14277850091457366943 0.14067387580871582031 0.22170740365982055664 0.10191673785448074341 0.15639477968215942383 0.12415116280317306519 0.15246643126010894775 0.13729391992092132568 0.15149728953838348389 0.18699280917644500732 0.14528584480285644531 0.13069994747638702393 0.095492005348205566406 0.068372748792171478271 0.10773524641990661621 0.23400251567363739014 0.14125297963619232178 0.086225382983684539795 0.10818418115377426147 0.15569230914115905762 0.21804635226726531982 0.11444023996591567993 0.12918786704540252686 0.22243313491344451904 0.12306959182024002075 0.13618415594100952148
0.12047258764505386353 0.08491630852222442627 0.14371602237224578857 0.18165661394596099854 0.11630906164646148682 0.19572423398494720459 0.29877936840057373047 0.16041497886180877686 0.16071991622447967529 0.12852525711059570312 0.053401987999677658081 0.080779857933521270752 0.1535250246524810791 0.18449383974075317383 0.24245825409889221191 0.2848097383975982666 0.10840020328760147095 0.12002678215503692627 0.29471552371978759766 0.12047729641199111938 0.12210878729820251465 0.21934640407562255859 0.22018747031688690186 0.13688193261623382568 0.11883293837308883667 0.10412304848432540894 0.13601714372634887695 0.15243065357208251953 0.065683849155902862549 0.11684022098779678345 0.1016659960150718689 0.25522655248641967773 0.19387361407279968262 0.1902888864278793335 0.17627441883087158203 0.21014639735221862793 0.20262549817562103271 0.10024838149547576904 0.26961275935173034668 0.16804926097393035889 0.061488371342420578003 0.14312744140625
0.17123848199844360352 0.15977689623832702637 0.16255411505699157715 0.23431448638439178467 0.065952084958553314209 0.072825886309146881104 0.13148427009582519531 0.16655945777893066406 0.12253615260124206543 0.11786992102861404419 0.090094931423664093018 0.14679689705371856689 0.19942024350166320801 0.17830204963684082031 0.30847501754760742188 0.1147008165717124939 0.097078330814838409424 0.16791908442974090576 0.1312529444694519043 0.12045615166425704956 0.10341589152812957764 0.19569790363311767578 0.24511106312274932861 0.11203751713037490845 0.14233855903148651123 0.072271771728992462158 0.29077392816543579102 0.18793770670890808105 0.14700745046138763428 0.32175323367118835449 0.28311774134635925293 0.18257452547550201416 0.15947371721267700195 0.11620789021253585815 0.10706555843353271484 0.28327974677085876465 0.14100208878517150879 0.17673103511333465576 0.22130213677883148193 0.092927083373069763184 0.098619639873504638672 0.16275317966938018799
0.097663611173629760742 0.1151804998517036438 0.23677170276641845703 0.24517415463924407959 0.15475080907344818115 0.22108955681324005127 0.12372040748596191406 0.10320276021957397461 0.1177067980170249939 0.18245911598205566406 0.11835041642189025879 0.21423950791358947754 0.12684769928455352783 0.28974187374114990234 0.28547957539558410645 0.14555530250072479248 0.14578370749950408936 0.15279226005077362061 0.075164414942264556885 0.12761737406253814697 0.11868794262409210205 0.23840925097465515137 0.1126219630241394043 0.095009468495845794678 0.084479391574859619141 0.12041155248880386353 0.32663732767105102539 0.29177737236022949219 0.27352020144462585449 0.23644667863845825195 0.27330556511878967285 0.12498349696397781372 0.085650429129600524902 0.24604506790637969971 0.19854126870632171631 0.29724827408790588379 0.10253120958805084229 0.14368198812007904053 0.1777985990047454834 0.1203077360987663269 0.22056296467781066895 0.21648107469081878662
0.11009843647480010986 0.13230325281620025635 0.24694441258907318115 0.18889579176902770996 0.16052909195423126221 0.16804541647434234619 0.12252462655305862427 0.065598830580711364746 0.45307609438896179199 0.20156440138816833496 0.23182059824466705322 0.19323840737342834473 0.17575846612453460693 0.14702592790126800537 0.15210615098476409912 0.14716996252536773682 0.1557725369930267334 0.20982825756072998047 0.13077993690967559814 0.36479276418685913086 0.20846822857856750488 0.41041749715805053711 0.17121234536170959473 0.16116391122341156006 0.089796200394630432129 0.13825458288192749023 0.12938390672206878662 0.11324311047792434692 0.21520259976387023926 0.22878865897655487061 0.33384093642234802246 0.30387628078460693359 0.26726102828979492188 0.20795235037803649902 0.20978952944278717041 0.25505945086479187012 0.15159942209720611572 0.16931603848934173584 0.15929104387760162354 0.12073502689599990845 0.27308115363121032715 0.14069294929504394531
0.10497815907001495361 0.11652920395135879517 0.23464219272136688232 0.34134241938591003418 0.14742794632911682129 0.17149017751216888428 0.16194212436676025391 0.075537711381912231445 0.18277607858180999756 0.23036284744739532471 0.21834427118301391602 0.12516205012798309326 0.083918690681457519531 0.18404687941074371338 0.17658197879791259766 0.1202653348445892334 0.23770894110202789307 0.14430323243141174316 0.20908750593662261963 0.42201557755470275879 0.24197050929069519043 0.20602142810821533203 0.18597203493118286133 0.2187754213809967041 0.20432175695896148682 0.25930935144424438477 0.1531149446964263916 0.11875797808170318604 0.18399785459041595459 0.27915716171264648438 0.36763909459114074707 0.17129938304424285889 0.26646938920021057129 0.15140122175216674805 0.13195237517356872559 0.097073413431644439697 0.17576722800731658936 0.1779581606388092041 0.13699582219123840332 0.15992078185081481934 0.13637368381023406982 0.17523723840713500977
0.10819298028945922852 0.16022600233554840088 0.21295064687728881836 0.18858164548873901367 0.14391854405403137207 0.24261868000030517578 0.16002334654331207275 0.10546480864286422729 0.13534472882747650146 0.17646691203117370605 0.15089026093482971191 0.28912562131881713867 0.56151449680328369141 0.21659593284130096436 0.17168696224689483643 0.12401844561100006104 0.20853112637996673584 0.14001196622848510742 0.26805207133293151855 0.22134518623352050781 0.10890313982963562012 0.15173237025737762451 0.12120611965656280518 0.20316775143146514893 0.3250223696231842041 0.18315562605857849121 0.074595503509044647217 0.14347328245639801025 0.15354661643505096436 0.15083424746990203857 0.12905460596084594727 0.16259185969829559326 0.2067776024341583252 0.17144878208637237549 0.11284409463405609131 0.24467621743679046631 0.11990988999605178833 0.10933437943458557129 0.23767796158790588379 0.1364370882511138916 0.15479896962642669678 0.20171615481376647949
0.15199477970600128174 0.26048332452774047852 0.12002309411764144897 0.15410020947456359863 0.18867786228656768799 0.2743574678897857666 0.19910357892513275146 0.15200829505920410156 0.12904369831085205078 0.15914399921894073486 0.084225580096244812012 0.15004150569438934326 0.27718111872673034668 0.16756489872932434082 0.085580892860889434814 0.091776564717292785645 0.13436259329319000244 0.22073023021221160889 0.34915870428085327148 0.11879722028970718384 0.10015054047107696533 0.16255265474319458008 0.16652952134609222412 0.097596801817417144775 0.17540384829044342041 0.25669243931770324707 0.18924936652183532715 0.21298296749591827393 0.18525263667106628418 0.16106340289115905762 0.15450884401798248291 0.2154229283332824707 0.11050919443368911743 0.26161181926727294922 0.15116111934185028076 0.11027491837739944458 0.058788042515516281128 0.12643808126449584961 0.1630827784538269043 0.097157046198844909668 0.17237135767936706543 0.18301092088222503662
0.064340367913246154785 0.062390998005867004395 0.11659374088048934937 0.11433781683444976807 0.18378041684627532959 0.13574498891830444336 0.17486555874347686768 0.17429497838020324707 0.11458329111337661743 0.11096743494272232056 0.13837976753711700439 0.15065440535545349121 0.17164248228073120117 0.18076157569885253906 0.17223691940307617188 0.2505524754524230957 0.1666790395975112915 0.21176171302795410156 0.69700837135314941406 0.17885962128639221191 0.1267582625150680542 0.21138307452201843262 0.1959905773401260376 0.13719069957733154297 0.13042888045310974121 0.14803804457187652588 0.23729316890239715576 0.12088498473167419434 0.15550193190574645996 0.14037524163722991943 0.11038864403963088989 0.19420890510082244873 0.10152733325958251953 0.093263730406761169434 0.13092549145221710205 0.11367415636777877808 0.11538103967905044556 0.29034695029258728027 0.20353057980537414551 0.1092774122953414917 0.18026773631572723389 0.16395188868045806885
0.20827732980251312256 0.1972630620002746582 0.17159818112850189209 0.11484409123659133911 0.16859486699104309082 0.1101345941424369812 0.16985271871089935303 0.1276051253080368042 0.12492717057466506958 0.23091514408588409424 0.24770061671733856201 0.19211912155151367188 0.22190158069133758545 0.16619774699211120605 0.2952995598316192627 0.19506195187568664551 0.17753072082996368408 0.11827450990676879883 0.13761271536350250244 0.22309599816799163818 0.23004901409149169922 0.17922075092792510986 0.17212177813053131104 0.18429203331470489502 0.17034706473350524902 0.102204933762550354 0.15768541395664215088 0.13308227062225341797 0.11640804260969161987 0.090423889458179473877 0.10745199769735336304 0.11403580009937286377 0.075894981622695922852 0.15292243659496307373 0.3004334867000579834 0.19595418870449066162 0.17265963554382324219 0.13578374683856964111 0.20699909329414367676 0.11006139218807220459 0.18253071606159210205 0.097912870347499847412
0.23365044593811035156 0.18801900744438171387 0.30191847681999206543 0.36073076725006103516 0.16111285984516143799 0.14626136422157287598 0.13049061596393585205 0.11389365792274475098 0.057127617299556732178 0.2062031477689743042 0.19991107285022735596 0.15755073726177215576 0.087149418890476226807 0.21185804903507232666 0.20032317936420440674 0.11464310437440872192 0.17609861493110656738 0.1396633833646774292 0.11950463056564331055 0.16796921193599700928 0.23209653794765472412 0.2006953805685043335 0.25228285789489746094 0.17001266777515411377 0.20531384646892547607 0.15254601836204528809 0.13871939480304718018 0.16125588119029998779 0.097913220524787902832 0.10550004243850708008 0.12338790297508239746 0.20988231897354125977 0.12289651483297348022 0.2070623934268951416 0.32467555999755859375 0.15025649964809417725 0.067290470004081726074 0.12188718467950820923 0.1208300366997718811 0.13217358291149139404 0.22288015484809875488 0.15254899859428405762
0.20452229678630828857 0.10780219733715057373 1.1441408395767211914 1.5731737613677978516 0.24130414426326751709 0.15769682824611663818 0.12624640762805938721 0.27607241272926330566 0.087815105915069580078 0.28525996208190917969 0.12691336870193481445 0.15143463015556335449 0.23666168749332427979 0.19725762307643890381 0.10608071088790893555 0.10041201114654541016 0.1308666914701461792 0.10334628075361251831 0.065880537033081054688 0.13048666715621948242 0.17987409234046936035 0.20105846226215362549 0.17695273458957672119 0.15827831625938415527 0.21119736135005950928 0.17511138319969177246 0.082744024693965911865 0.080113880336284637451 0.08854122459888458252 0.12397106736898422241 0.12858146429061889648 0.11093457788228988647 0.10852179676294326782 0.22286204993724822998 0.10255558788776397705 0.11946540325880050659 0.079409293830394744873 0.12408499419689178467 0.11436004191637039185 0.18307499587535858154 0.14884833991527557373 0.17523708939552307129
0.14370003342628479004 0.11867997050285339355 0.32415720820426940918 0.47408404946327209473 78.18500518798828125 2.8104755878448486328 0.42217111587524414062 0.11636564880609512329 0.18879306316375732422 0.17353808879852294922 0.13945551216602325439 0.16428548097610473633 0.15432503819465637207 0.14610588550567626953 0.10221890360116958618 0.11874443292617797852 0.10343429446220397949 0.21253085136413574219 0.12496766448020935059 0.17952901124954223633 0.13841226696968078613 0.10898476839065551758 0.16652597486972808838 0.17439675331115722656 0.17024500668048858643 0.12116535007953643799 0.13386954367160797119 0.12979310750961303711 0.10122983157634735107 0.17564153671264648438 0.12017334997653961182 0.13525171577930450439 0.17048899829387664795 0.18317131698131561279 0.19412085413932800293 0.18062783777713775635 0.087935872375965118408 0.14179393649101257324 0.16968688368797302246 0.31786075234413146973 0.1192487180233001709 0.18283903598785400391
0.10831850022077560425 0.19689054787158966064 0.19187232851982116699 3.9267344474792480469 91.39147186279296875 0.61868011951446533203 1.6967583894729614258 0.23500224947929382324 0.20290467143058776855 0.088873788714408874512 0.099094890058040618896 0.12705031037330627441 0.23028098046779632568 0.16381217539310455322 0.12881395220756530762 0.10236459225416183472 0.082074992358684539795 0.20527116954326629639 0.22634817659854888916 0.20691525936126708984 0.087030746042728424072 0.12751911580562591553 0.13579609990119934082 0.18148164451122283936 0.11679922044277191162 0.21562643349170684814 0.14049430191516876221 0.16848140954971313477 0.14832448959350585938 0.24293558299541473389 0.12087088078260421753 0.17637687921524047852 0.15944725275039672852 0.11206233501434326172 0.088463298976421356201 0.18848770856857299805 0.074640840291976928711 0.12837396562099456787 0.12548691034317016602 0.13838979601860046387 0.12290584295988082886 0.17568087577819824219
0.10050432384014129639 0.18194605410099029541 0.18311959505081176758 0.16408972442150115967 0.089406326413154602051 0.088169910013675689697 0.30920556187629699707 0.22756567597389221191 0.15988379716873168945 0.1201572418212890625 0.12696464359760284424 0.12764036655426025391 0.23195001482963562012 0.16340650618076324463 0.11226514726877212524 0.22826775908470153809 0.17342828214168548584 0.20571176707744598389 0.1699145585298538208 0.1667054295539855957 0.089034669101238250732 0.10421056300401687622 0.099501870572566986084 0.10449571907520294189 0.11109926551580429077 0.14996047317981719971 0.14586693048477172852 0.13114111125469207764 0.089029900729656219482 0.13421951234340667725 0.18194296956062316895 0.21718630194664001465 0.23421868681907653809 0.055691588670015335083 0.13715736567974090576 0.2316204756498336792 0.12778700888156890869 0.12883649766445159912 0.064211636781692504883 0.093966096639633178711 0.13795180618762969971 0.11179141700267791748
0.27307093143463134766 0.18208967149257659912 0.16444689035415649414 0.17651343345642089844 0.12236459553241729736 0.15099385380744934082 0.104666098952293396 0.23735201358795166016 0.13321703672409057617 0.13708411157131195068 0.19216148555278778076 0.18627241253852844238 0.12348096072673797607 0.21604046225547790527 0.21724654734134674072 0.18873827159404754639 0.15587517619132995605 0.17701993882656097412 0.23653464019298553467 0.28332826495170593262 0.074439629912376403809 0.11055210977792739868 0.15262123942375183105 0.13236531615257263184 0.1666234135627746582 0.21856725215911865234 0.1773373335599899292 0.10480137169361114502 0.10507982969284057617 0.24201929569244384766 0.18714879453182220459 0.23264351487159729004 0.26925230026245117188 0.10133513808250427246 0.14564003050327301025 0.19182300567626953125 0.22086529433727264404 0.14956361055374145508 0.1233367919921875 0.12239433079957962036 0.12078858166933059692 0.14016675949096679688
0.25360262393951416016 0.17153418064117431641 0.13903343677520751953 0.13246108591556549072 0.10282259434461593628 0.17284335196018218994 0.1637134850025177002 0.23716968297958374023 0.1391074061393737793 0.10907188057899475098 0.16506507992744445801 0.1452582627534866333 0.053561836481094360352 0.16111327707767486572 0.27070328593254089355 0.12335176020860671997 0.14212563633918762207 0.15968365967273712158 0.17041516304016113281 0.17149071395397186279 0.12987159192562103271 0.15996079146862030029 0.14996854960918426514 0.13689184188842773438 0.17407503724098205566 0.24768877029418945312 0.27263531088829040527 0.11704692244529724121 0.11285340040922164917 0.2191677391529083252 0.12474174052476882935 0.18304480612277984619 0.1695156395435333252 0.083130456507205963135 0.12342726439237594604 0.20666424930095672607 0.40867227315902709961 0.16787222027778625488 0.15452565252780914307 0.153341636061668396 0.09397401660680770874 0.22340941429138183594
