Forest_LCP_Outputs/canopy_cover.asc
ncols        250
nrows        253
xllcorner    -2044817.845419629943
yllcorner    2022214.475814298494
cellsize     26.855736874859
NODATA_value 0
[rows 209 to 227 of 253, columns 86 to 128 of 250]
1.7116500139236450195 2.8757350444793701172 2.0484259128570556641 0.72992140054702758789 1.0748299360275268555 1.4078724384307861328 2.6090290546417236328 2.0545687675476074219 1.7276012897491455078 2.1453936100006103516 2.7553396224975585938 1.5530474185943603516 1.7933096885681152344 0.95640289783477783203 1.1606861352920532227 1.8875513076782226562 2.5669987201690673828 2.5087690353393554688 1.0367646217346191406 2.8908367156982421875 2.0824744701385498047 0.7982546687126159668 2.24843597412109375 1.6443953514099121094 1.6852072477340698242 0.42509767413139343262 1.9985272884368896484 2.0992007255554199219 2.6249506473541259766 2.9687473773956298828 2.4547255039215087891 2.0183405876159667969 1.2177143096923828125 2.4915280342102050781 2.392818450927734375 2.0297360420227050781 0.59085506200790405273 1.2495921850204467773 2.7206511497497558594 4.0413460731506347656 3.1885957717895507812 2.7829380035400390625 3.816558837890625
1.1759488582611083984 2.1914834976196289062 1.4537922143936157227 1.5968155860900878906 2.3347480297088623047 2.089336395263671875 1.884540557861328125 1.3422873020172119141 2.6359913349151611328 0.77210819721221923828 3.0115334987640380859 0.75430440902709960938 1.8328005075454711914 1.475154876708984375 1.9334455728530883789 1.6622992753982543945 2.8503136634826660156 3.8637664318084716797 1.6900278329849243164 1.2280730009078979492 0.79787904024124145508 1.1410038471221923828 2.5664932727813720703 3.1198091506958007812 3.5934414863586425781 1.5299036502838134766 2.0650434494018554688 1.4271260499954223633 1.5009799003601074219 2.1681392192840576172 1.4284623861312866211 3.2491805553436279297 2.8965928554534912109 1.055301666259765625 2.0668578147888183594 2.4408216476440429688 1.1951286792755126953 1.8047956228256225586 2.6443102359771728516 4.4323949813842773438 2.7007093429565429688 2.3631122112274169922 1.2489868402481079102
3.0890791416168212891 2.8151152133941650391 1.0268507003784179688 1.3402293920516967773 2.9800007343292236328 1.5680186748504638672 1.5323607921600341797 1.4668451547622680664 2.5658774375915527344 0.93995463848114013672 2.0607509613037109375 1.051418304443359375 0.68871790170669555664 1.7575713396072387695 1.4688545465469360352 2.0927102565765380859 0.93766003847122192383 2.5738494396209716797 4.7206053733825683594 0.62203735113143920898 0.91833955049514770508 1.5838431119918823242 1.1123247146606445312 1.5622214078903198242 1.7308887243270874023 1.4754195213317871094 1.7489255666732788086 2.6374664306640625 0.94349247217178344727 1.1109070777893066406 1.11029052734375 2.2931060791015625 1.5938056707382202148 1.6141831874847412109 1.2720234394073486328 2.33565521240234375 5.2622737884521484375 2.8936266899108886719 1.5029430389404296875 1.7337554693222045898 1.1763641834259033203 2.5121545791625976562 0.82443076372146606445
3.5417764186859130859 3.3936073780059814453 1.0945935249328613281 2.7725553512573242188 1.4109942913055419922 1.2070894241333007812 2.2097604274749755859 0.89509880542755126953 1.31645965576171875 1.6638903617858886719 1.4957512617111206055 2.0456616878509521484 1.5052704811096191406 1.3110457658767700195 2.4446310997009277344 2.8559362888336181641 0.97701239585876464844 1.5821993350982666016 3.7219717502593994141 0.97002327442169189453 1.7811703681945800781 1.5281560420989990234 1.8852940797805786133 1.0525183677673339844 2.1962378025054931641 1.0690758228302001953 0.84692871570587158203 4.4861617088317871094 1.9330079555511474609 1.2129037380218505859 1.096091151237487793 1.4065365791320800781 1.6541975736618041992 1.3151993751525878906 0.55807173252105712891 1.5514594316482543945 2.3594210147857666016 4.1275162696838378906 1.399438023567199707 3.1991097927093505859 2.4007027149200439453 2.5209491252899169922 3.0486819744110107422
3.5966191291809082031 2.8659989833831787109 1.0205782651901245117 2.2336330413818359375 2.1360116004943847656 2.1620383262634277344 2.3386924266815185547 2.6174895763397216797 2.3580243587493896484 1.4335706233978271484 1.7266108989715576172 1.1179579496383666992 2.6025550365447998047 1.9959882497787475586 3.038349151611328125 2.1117503643035888672 0.85579866170883178711 1.0587422847747802734 2.0232336521148681641 2.156337738037109375 1.4572635889053344727 1.5664790868759155273 2.6710493564605712891 1.833937525749206543 3.9945900440216064453 2.4104435443878173828 1.5770746469497680664 3.055393218994140625 2.6583127975463867188 1.8627629280090332031 1.9349499940872192383 2.5311458110809326172 1.9577786922454833984 1.1688272953033447266 0.60168856382369995117 3.3489489555358886719 3.1116108894348144531 4.0248088836669921875 1.6883028745651245117 1.1795743703842163086 2.2534816265106201172 2.8653104305267333984 3.0120332241058349609
2.5641660690307617188 0.83391386270523071289 1.3221448659896850586 1.7842259407043457031 2.4278128147125244141 2.6257097721099853516 1.0655093193054199219 1.2694604396820068359 1.6432193517684936523 1.064925074577331543 2.6670911312103271484 1.7660620212554931641 2.3000476360321044922 1.6443154811859130859 1.5332570075988769531 2.0820860862731933594 1.8515492677688598633 1.2574881315231323242 1.9123766422271728516 2.0921244621276855469 0.81255352497100830078 2.4426662921905517578 1.9100075960159301758 2.2821323871612548828 1.2563782930374145508 1.2323863506317138672 1.2200790643692016602 1.8525545597076416016 2.7901771068572998047 3.5947356224060058594 3.5132021903991699219 1.5257524251937866211 1.7991924285888671875 0.64320272207260131836 0.82939660549163818359 1.9106183052062988281 3.0380661487579345703 2.7844765186309814453 1.2022773027420043945 1.4665417671203613281 1.9150588512420654297 2.2192752361297607422 0.46903505921363830566
2.0795471668243408203 1.7687722444534301758 1.1278182268142700195 0.98405313491821289062 0.91215127706527709961 1.4913481473922729492 1.6069836616516113281 2.6322324275970458984 2.1435139179229736328 1.9966603517532348633 1.8632626533508300781 1.7756012678146362305 1.4711253643035888672 0.79531896114349365234 0.78486454486846923828 1.8579554557800292969 2.2304162979125976562 2.326534271240234375 1.0181674957275390625 0.46182242035865783691 0.92415457963943481445 2.0125524997711181641 1.8581864833831787109 2.8916726112365722656 1.6212944984436035156 0.80700141191482543945 0.68452686071395874023 2.2157566547393798828 1.6863315105438232422 1.4235222339630126953 1.7238103151321411133 0.84990912675857543945 0.67326343059539794922 1.7202569246292114258 1.4975636005401611328 1.6697053909301757812 2.273288726806640625 3.0604257583618164062 0.89424079656600952148 1.6192137002944946289 1.4024671316146850586 2.5572478771209716797 0.83973973989486694336
2.4831044673919677734 2.1163997650146484375 3.1291270256042480469 0.61563628911972045898 1.0722610950469970703 3.1703388690948486328 2.7195699214935302734 3.763568878173828125 2.8949308395385742188 2.2027666568756103516 2.5209896564483642578 1.7241944074630737305 1.8374434709548950195 1.0484496355056762695 2.2705461978912353516 2.1018686294555664062 3.045360565185546875 2.3642497062683105469 1.9126468896865844727 1.1053243875503540039 1.2392853498458862305 2.2563331127166748047 2.7873601913452148438 2.9435269832611083984 0.88296580314636230469 3.6578838825225830078 1.1535785198211669922 1.0281118154525756836 2.1986231803894042969 2.2746839523315429688 2.6124634742736816406 1.3907347917556762695 1.3498769998550415039 4.9578089714050292969 1.4067122936248779297 2.4249866008758544922 0.82822835445404052734 3.3146002292633056641 2.9770991802215576172 3.4436311721801757812 3.3771009445190429688 2.8988940715789794922 1.6282235383987426758
6.3459534645080566406 3.2119531631469726562 3.7928853034973144531 1.0532969236373901367 0.95981323719024658203 3.4953532218933105469 2.7151024341583251953 2.3514211177825927734 2.3394980430603027344 2.8178730010986328125 1.5316874980926513672 2.0897037982940673828 2.9742136001586914062 2.4683048725128173828 3.3203670978546142578 3.1244106292724609375 1.8759723901748657227 1.6941657066345214844 3.1861929893493652344 2.6378870010375976562 2.0177886486053466797 2.0093016624450683594 2.4228987693786621094 3.3352179527282714844 2.4768915176391601562 3.9376316070556640625 2.0925316810607910156 2.0971095561981201172 2.3256335258483886719 3.6150176525115966797 6.7991003990173339844 1.3373094797134399414 1.4187158346176147461 4.0142993927001953125 0.8908856511116027832 2.3020272254943847656 0.85800576210021972656 1.7479646205902099609 2.3639078140258789062 5.3627066612243652344 3.8866851329803466797 1.894944310188293457 0.83638930320739746094
3.662380218505859375 2.9443340301513671875 3.2524907588958740234 1.7548592090606689453 2.3841710090637207031 3.7579309940338134766 1.4276969432830810547 0.78176969289779663086 1.04549407958984375 2.7293941974639892578 2.0627424716949462891 2.6106717586517333984 0.72847533226013183594 1.1426017284393310547 3.073940277099609375 1.6627620458602905273 0.93748700618743896484 2.4819653034210205078 1.5282068252563476562 1.8764431476593017578 2.0841877460479736328 1.8761796951293945312 2.755157470703125 3.3696613311767578125 2.8419299125671386719 1.5781656503677368164 2.5446007251739501953 1.5287996530532836914 1.7887352705001831055 3.6389458179473876953 10.10884857177734375 1.1216586828231811523 1.4759415388107299805 2.6940484046936035156 1.3204925060272216797 2.914424896240234375 2.6741282939910888672 1.4349590539932250977 0.94735640287399291992 1.8392716646194458008 0.78079324960708618164 4.3712897300720214844 0.96703279018402099609
1.6237034797668457031 3.0008382797241210938 3.3797850608825683594 1.6568139791488647461 2.0410199165344238281 2.5567221641540527344 2.167354583740234375 0.56559085845947265625 1.4976606369018554688 3.4155652523040771484 2.9267096519470214844 2.0193035602569580078 0.76615196466445922852 2.0257248878479003906 1.9675023555755615234 0.80992966890335083008 2.1277837753295898438 2.0511336326599121094 0.77158588171005249023 0.92907726764678955078 1.8225772380828857422 3.3357911109924316406 3.1564817428588867188 3.564838409423828125 1.9608784914016723633 0.46487137675285339355 2.7277245521545410156 3.5244638919830322266 1.6899650096893310547 0.81945508718490600586 1.109770655632019043 0.74962651729583740234 2.636554718017578125 3.5216741561889648438 2.9483079910278320312 3.2285976409912109375 4.0458588600158691406 1.1759277582168579102 0.74337279796600341797 2.6924717426300048828 1.9784564971923828125 3.4543368816375732422 2.2213883399963378906
0.67170381546020507812 7.3417391777038574219 1.6553963422775268555 1.109921574592590332 1.4394719600677490234 2.9748761653900146484 3.0634770393371582031 2.1624386310577392578 2.4581699371337890625 4.7124767303466796875 2.2965676784515380859 4.3469853401184082031 1.1414570808410644531 2.2743220329284667969 0.93170410394668579102 1.4308301210403442383 1.2241626977920532227 1.8157697916030883789 1.494906306266784668 1.4242829084396362305 2.3934583663940429688 1.813046574592590332 3.1698091030120849609 1.4018324613571166992 2.9143185615539550781 1.2362170219421386719 3.2260446548461914062 3.5505843162536621094 1.8883354663848876953 1.1235710382461547852 1.3169480562210083008 1.5226942300796508789 3.7166962623596191406 2.5435926914215087891 2.0254850387573242188 2.5036029815673828125 2.7659311294555664062 1.4843564033508300781 1.2358675003051757812 2.1919929981231689453 2.56162261962890625 2.7803263664245605469 1.4273896217346191406
1.5975490808486938477 2.3902728557586669922 1.0523217916488647461 1.0972427129745483398 2.012104034423828125 2.3605358600616455078 1.685864567756652832 2.1054697036743164062 1.9756683111190795898 4.8848910331726074219 2.5370931625366210938 1.9743380546569824219 1.016185760498046875 1.1317346096038818359 0.77888238430023193359 1.0262185335159301758 1.5455451011657714844 2.2866148948669433594 1.4986490011215209961 3.2531876564025878906 1.2773259878158569336 1.3235423564910888672 2.6947290897369384766 1.9767801761627197266 2.543529510498046875 1.8434338569641113281 2.202686309814453125 1.6798703670501708984 2.4892001152038574219 4.1299252510070800781 1.3721144199371337891 2.8418855667114257812 2.0033936500549316406 1.0055319070816040039 1.9299502372741699219 1.8803193569183349609 1.2430971860885620117 1.8593778610229492188 0.9409090876579284668 2.5891187191009521484 2.4146413803100585938 1.3902908563613891602 1.2252984046936035156
3.9480068683624267578 1.5473186969757080078 1.2669252157211303711 1.3107661008834838867 4.3654656410217285156 1.2528209686279296875 1.3750183582305908203 1.4863187074661254883 1.2565071582794189453 2.1007068157196044922 1.0688742399215698242 1.4775797128677368164 1.1759617328643798828 0.98177683353424072266 2.1827669143676757812 1.1888601779937744141 2.4543986320495605469 1.4000842571258544922 2.4941282272338867188 0.96405196189880371094 0.92420393228530883789 2.0931613445281982422 3.0836246013641357422 3.1758282184600830078 2.0425705909729003906 1.8539246320724487305 2.1370403766632080078 1.0208379030227661133 0.84144008159637451172 2.0976769924163818359 1.2796905040740966797 2.419086456298828125 1.1263391971588134766 0.66091054677963256836 1.5159412622451782227 1.7097355127334594727 0.92618632316589355469 0.87901425361633300781 2.1916441917419433594 2.4157495498657226562 1.8855265378952026367 0.78430163860321044922 1.9570813179016113281
1.7370920181274414062 0.4851061701774597168 1.9106444120407104492 2.3748102188110351562 1.1141371726989746094 2.3272175788879394531 2.1576561927795410156 1.5522094964981079102 1.0270929336547851562 0.72823870182037353516 0.55631870031356811523 1.7438980340957641602 1.4752564430236816406 0.88122707605361938477 1.9115462303161621094 1.1996396780014038086 2.9203519821166992188 1.9952414035797119141 1.8364751338958740234 1.8327072858810424805 2.1942074298858642578 2.7181100845336914062 1.5558795928955078125 1.6238099336624145508 2.7851963043212890625 3.6935281753540039062 4.2545895576477050781 1.9980672597885131836 2.4163455963134765625 1.8110513687133789062 1.3602657318115234375 0.77622574567794799805 2.0663096904754638672 1.3764796257019042969 1.0147222280502319336 2.3335993289947509766 1.44305419921875 2.4955382347106933594 2.715167999267578125 2.03060150146484375 2.0031895637512207031 0.52488213777542114258 1.4638390541076660156
0 0.47535851597785949707 2.4682102203369140625 1.7430963516235351562 1.7995960712432861328 1.5018001794815063477 2.1416604518890380859 1.3385336399078369141 2.8348009586334228516 2.2121534347534179688 1.5497511625289916992 0.96448469161987304688 1.0952333211898803711 2.1340367794036865234 1.2714967727661132812 1.2467466592788696289 5.1876368522644042969 4.3847851753234863281 2.1378722190856933594 1.9119586944580078125 2.7136616706848144531 1.0698177814483642578 2.502681732177734375 2.3863012790679931641 3.0507607460021972656 3.8998212814331054688 0.95351165533065795898 1.6810290813446044922 1.9687561988830566406 2.8311650753021240234 1.3212188482284545898 1.2256158590316772461 1.5975706577301025391 0.99056845903396606445 1.4141737222671508789 2.0010426044464111328 2.7040572166442871094 2.2768192291259765625 2.5529584884643554688 2.7632904052734375 1.3468372821807861328 0.91992938518524169922 2.4228255748748779297
0 0 0 0 0 0.11527945846319198608 0.75377869606018066406 0.070542812347412109375 1.0185836553573608398 1.4866369962692260742 2.0760345458984375 1.939605712890625 1.2567626237869262695 1.1816691160202026367 0.98171854019165039062 1.2389277219772338867 2.3274705410003662109 2.7586581707000732422 1.9705225229263305664 0.54407405853271484375 0.73968261480331420898 0.60126799345016479492 2.2963240146636962891 3.2467854022979736328 1.5523918867111206055 1.4279925823211669922 2.1131253242492675781 1.3260430097579956055 2.0466403961181640625 2.62021636962890625 0.64699125289916992188 3.3291661739349365234 3.2166540622711181641 1.3050508499145507812 3.8802397251129150391 4.08942413330078125 2.3807699680328369141 1.2682812213897705078 3.6416666507720947266 2.4906144142150878906 0.77707749605178833008 1.0167944431304931641 2.4785788059234619141
0 0 0 0 0 0 0 0 0 0.24019216001033782959 0.25500249862670898438 1.7968934774398803711 1.205908656120300293 1.5968559980392456055 1.2226723432540893555 3.5880501270294189453 0.62382692098617553711 1.5224456787109375 1.4121888875961303711 1.1141726970672607422 0.73555099964141845703 0.76500391960144042969 2.4239957332611083984 2.7784264087677001953 1.2123608589172363281 0.67557036876678466797 1.7767431735992431641 1.8612029552459716797 2.6867246627807617188 1.3923856019973754883 0.91811454296112060547 2.5777566432952880859 3.0294728279113769531 1.8408437967300415039 2.5709407329559326172 4.4265770912170410156 1.4321485757827758789 1.9189229011535644531 2.7702164649963378906 3.3140132427215576172 1.9418777227401733398 1.0085201263427734375 1.927435755729675293
0 0 0 0 0 0 0 0 0 0 0 0 0 2.9419393539428710938 1.1586855649948120117 3.0376746654510498047 1.7077317237854003906 1.332869410514831543 2.6883645057678222656 2.9647738933563232422 1.0843056440353393555 2.047760009765625 1.8941720724105834961 1.0002197027206420898 2.9612033367156982422 1.7737984657287597656 1.5501786470413208008 2.6940944194793701172 1.878892064094543457 0.66002935171127319336 0.58466064929962158203 0.9806804656982421875 2.6010973453521728516 1.0046766996383666992 2.5908551216125488281 2.9826242923736572266 0.88593637943267822266 2.4593627452850341797 1.3282167911529541016 1.9453750848770141602 1.5261976718902587891 1.7175339460372924805 2.8112492561340332031
