Forest_LCP_Outputs/canopy_base_height.asc
ncols        250
nrows        253
xllcorner    -2044817.845419629943
yllcorner    2022214.475814298494
cellsize     26.855736874859
NODATA_value 0
[rows 228 to 246 of 253, columns 129 to 171 of 250]
5.6994152069091796875 14.455601692199707031 4.4542856216430664062 7.8466672897338867188 8.0979242324829101562 4.1402387619018554688 5.5804629325866699219 8.8598356246948242188 7.5327057838439941406 9.488803863525390625 5.5802092552185058594 1.4220873117446899414 0.62838864326477050781 3.7364246845245361328 5.3549222946166992188 6.3696036338806152344 6.2580084800720214844 9.8379697799682617188 5.7570018768310546875 6.6058382987976074219 6.7393102645874023438 8.0151319503784179688 12.340299606323242188 2.0380182266235351562 5.0520033836364746094 5.8600072860717773438 3.4120523929595947266 4.4465799331665039062 6.598720550537109375 3.5220608711242675781 6.3572821617126464844 12.390696525573730469 3.5671229362487792969 5.1529641151428222656 6.1856217384338378906 5.8172097206115722656 3.5815877914428710938 5.6544594764709472656 8.2970590591430664062 4.900482177734375 1.4649888277053833008 8.46068572998046875 6.7598123550415039062
7.6552205085754394531 15.711047172546386719 9.7020635604858398438 6.0777883529663085938 6.6131486892700195312 4.8992605209350585938 3.2888286113739013672 1.1041473150253295898 5.5473184585571289062 8.7900495529174804688 4.5845036506652832031 3.8843066692352294922 1.2377260923385620117 5.9931359291076660156 6.2992954254150390625 5.9780497550964355469 10.972327232360839844 8.7847490310668945312 2.5537350177764892578 6.4526338577270507812 6.87129974365234375 10.832209587097167969 8.1500597000122070312 6.8567423820495605469 6.2890005111694335938 7.6905903816223144531 1.8984051942825317383 2.2887716293334960938 6.1193337440490722656 2.8867001533508300781 4.9727835655212402344 3.6215848922729492188 6.5787978172302246094 7.1332597732543945312 4.4211788177490234375 6.1627783775329589844 4.85707855224609375 3.5906741619110107422 9.8347330093383789062 2.9237301349639892578 6.5159268379211425781 6.495868682861328125 5.1419782638549804688
5.5075459480285644531 4.6772832870483398438 3.5707528591156005859 3.5776381492614746094 6.7130799293518066406 6.8626236915588378906 1.9322905540466308594 3.1629109382629394531 6.43299102783203125 5.8326306343078613281 4.873653411865234375 4.370792388916015625 1.9346280097961425781 7.6099224090576171875 4.8671498298645019531 6.1840624809265136719 7.1605601310729980469 10.672027587890625 7.5431914329528808594 3.6094310283660888672 3.9341199398040771484 7.1655240058898925781 8.21435546875 6.8028383255004882812 6.6808896064758300781 12.376161575317382812 2.8712592124938964844 6.0565233230590820312 2.4153573513031005859 2.0778915882110595703 5.8482518196105957031 7.2040638923645019531 9.9030313491821289062 7.4411478042602539062 7.3140206336975097656 7.0018825531005859375 3.6592278480529785156 2.5080170631408691406 7.4267449378967285156 1.0183451175689697266 5.6832766532897949219 9.127197265625 6.6890177726745605469
3.4803032875061035156 4.9694061279296875 1.5363689661026000977 5.0051198005676269531 4.60455322265625 4.9391150474548339844 9.4898157119750976562 4.8890743255615234375 7.5224370956420898438 3.9524750709533691406 1.2797142267227172852 10.287623405456542969 5.0976462364196777344 4.2511906623840332031 9.1399297714233398438 4.4911990165710449219 6.3031873703002929688 11.070949554443359375 7.4042582511901855469 8.7723131179809570312 11.829793930053710938 5.2063612937927246094 6.2078256607055664062 4.7540678977966308594 0.75092434883117675781 3.7170078754425048828 5.2381162643432617188 5.8302402496337890625 6.2567734718322753906 4.8865990638732910156 2.8319458961486816406 4.6510324478149414062 10.388516426086425781 2.8453888893127441406 5.176666259765625 9.7342004776000976562 2.0156545639038085938 4.9808220863342285156 5.7210187911987304688 3.0071189403533935547 9.1049375534057617188 10.996944427490234375 5.3900494575500488281
4.44837188720703125 4.1964821815490722656 4.9929342269897460938 5.7353353500366210938 7.0483021736145019531 5.3456144332885742188 5.149959564208984375 5.234088897705078125 9.8911428451538085938 5.2075905799865722656 6.8031220436096191406 8.5345830917358398438 6.3798651695251464844 4.1404709815979003906 5.9737424850463867188 3.8047227859497070312 4.7875394821166992188 6.9856624603271484375 2.2378611564636230469 11.253923416137695312 13.295546531677246094 4.1161446571350097656 7.2101931571960449219 3.7779996395111083984 4.9122986793518066406 7.0761699676513671875 4.051025390625 2.2788014411926269531 2.9027152061462402344 6.9438495635986328125 3.4380853176116943359 2.2550587654113769531 7.3208270072937011719 4.5460534095764160156 3.8866443634033203125 7.0599808692932128906 1.588352203369140625 3.0294177532196044922 5.6542992591857910156 6.3083934783935546875 9.880741119384765625 4.3337349891662597656 11.082436561584472656
5.4234385490417480469 3.4643330574035644531 5.3773889541625976562 10.955225944519042969 15.450723648071289062 10.313805580139160156 5.752040863037109375 7.7566084861755371094 6.820163726806640625 5.5376400947570800781 3.8560979366302490234 6.7455115318298339844 7.1292519569396972656 12.075150489807128906 8.5944318771362304688 3.9172649383544921875 5.1992197036743164062 11.181799888610839844 4.8387432098388671875 8.5373353958129882812 8.3377971649169921875 4.9608826637268066406 4.7975521087646484375 5.5547685623168945312 5.2247409820556640625 6.8140902519226074219 2.4199109077453613281 9.8701982498168945312 4.8154706954956054688 8.1123399734497070312 6.1483330726623535156 4.7899651527404785156 6.0164289474487304688 6.3370599746704101562 5.877071380615234375 5.1255207061767578125 4.3957591056823730469 4.776645660400390625 7.60608673095703125 7.482814788818359375 5.8869342803955078125 2.2772963047027587891 11.740040779113769531
1.5929335355758666992 2.4525370597839355469 6.6682133674621582031 10.316555976867675781 8.7776947021484375 7.8449492454528808594 5.0586609840393066406 5.8046841621398925781 3.6869099140167236328 5.2742738723754882812 6.2684302330017089844 9.4337062835693359375 4.5189356803894042969 3.3730957508087158203 6.1460905075073242188 4.8780922889709472656 8.3969469070434570312 4.2173833847045898438 6.0219664573669433594 6.5808072090148925781 5.1436018943786621094 2.7900636196136474609 6.9788198471069335938 4.2740983963012695312 2.5322017669677734375 7.7113933563232421875 3.3720290660858154297 3.3740003108978271484 3.3756318092346191406 7.5462450981140136719 5.5734581947326660156 2.9302587509155273438 6.0656528472900390625 7.1729559898376464844 6.7294392585754394531 4.1273026466369628906 5.3920540809631347656 2.6317837238311767578 8.2421712875366210938 5.9800267219543457031 6.7730073928833007812 8.7804965972900390625 7.6451969146728515625
0 3.31856536865234375 0.95781868696212768555 3.6702969074249267578 7.1070332527160644531 3.0594761371612548828 0.80901265144348144531 1.9781991243362426758 4.9750685691833496094 6.5555677413940429688 11.687785148620605469 7.8664259910583496094 8.0392980575561523438 3.7936680316925048828 3.9085972309112548828 5.0845351219177246094 6.9461412429809570312 6.3341951370239257812 2.2080099582672119141 6.2265338897705078125 4.1355681419372558594 7.2763671875 14.712981224060058594 2.8560001850128173828 3.4123270511627197266 6.9839739799499511719 4.4246125221252441406 5.5624737739562988281 5.5548729896545410156 5.5141658782958984375 5.04787445068359375 6.4538273811340332031 7.1666536331176757812 5.9963440895080566406 2.5197036266326904297 3.0382058620452880859 3.772731781005859375 6.5153241157531738281 5.4382710456848144531 6.9430513381958007812 8.05556488037109375 8.8994417190551757812 9.3573122024536132812
0 0 0 0 4.9095520973205566406 1.0611057281494140625 0.1060821041464805603 6.4081878662109375 10.185896873474121094 4.7131199836730957031 9.3304014205932617188 6.8702783584594726562 7.6174268722534179688 5.3424425125122070312 2.6481027603149414062 9.188083648681640625 11.896848678588867188 3.9825742244720458984 3.9478759765625 3.0387547016143798828 4.6056714057922363281 3.9100031852722167969 7.4492259025573730469 5.2459044456481933594 5.1848263740539550781 6.2115373611450195312 5.6983547210693359375 6.3681254386901855469 7.0292248725891113281 2.1694324016571044922 12.948233604431152344 5.3545622825622558594 6.9824748039245605469 3.7854564189910888672 2.1210472583770751953 3.7900891304016113281 5.7084798812866210938 6.4010233879089355469 5.0345206260681152344 7.3367862701416015625 2.6922297477722167969 6.257884979248046875 9.7204332351684570312
0 0 0 0 0 0 0 0 9.1473636627197265625 0.44975572824478149414 1.4012984643248170709e-45 1.4033626317977905273 5.1393413543701171875 6.3432369232177734375 2.2991313934326171875 5.1238970756530761719 9.8063335418701171875 5.2458257675170898438 5.2386298179626464844 3.0927824974060058594 4.6345357894897460938 7.5255360603332519531 5.7751684188842773438 9.1730813980102539062 4.84862518310546875 8.9136753082275390625 9.120502471923828125 3.1451699733734130859 10.902651786804199219 11.907021522521972656 11.763339042663574219 7.5410528182983398438 6.8048453330993652344 7.6242938041687011719 8.7337388992309570312 3.9857108592987060547 3.7978599071502685547 4.27616119384765625 4.0485973358154296875 10.952704429626464844 2.1612176895141601562 2.8820083141326904297 2.1793410778045654297
0 0 0 0 0 0 0 0 0 0 0 0 2.6343903541564941406 12.584011077880859375 1.4012984643248170709e-45 2.9213871955871582031 10.4919891357421875 6.9156894683837890625 2.9625477790832519531 6.1063833236694335938 8.077632904052734375 7.4287509918212890625 6.1661095619201660156 7.6772341728210449219 11.759204864501953125 8.5408763885498046875 6.6070165634155273438 4.4128360748291015625 2.2595050334930419922 7.50408935546875 11.27568817138671875 7.9622864723205566406 8.3871002197265625 11.198515892028808594 5.1393690109252929688 1.0876609086990356445 1.3768970966339111328 3.0383236408233642578 11.138593673706054688 12.038477897644042969 7.2798180580139160156 4.4570560455322265625 3.8133041858673095703
0 0 0 0 0 0 0 0 0 0 0 0 0 0 0 0 12.778400421142578125 6.666713714599609375 0.74776619672775268555 1.580047607421875 4.2682209014892578125 3.4008996486663818359 6.95738983154296875 6.8023662567138671875 6.3695874214172363281 4.8627219200134277344 6.8103194236755371094 11.862314224243164062 7.9937748908996582031 7.527324676513671875 8.156688690185546875 6.5261993408203125 13.26569366455078125 11.342072486877441406 4.5216794013977050781 3.5906987190246582031 1.5104256868362426758 4.8460798263549804688 8.70549774169921875 9.79669952392578125 9.2295370101928710938 5.4315896034240722656 6.7235178947448730469
0 0 0 0 0 0 0 0 0 0 0 0 0 0 0 0 0 0 0 0 0.57552003860473632812 1.8485438823699951172 6.1835460662841796875 3.7952530384063720703 3.5691404342651367188 3.6907396316528320312 9.5948877334594726562 6.7245783805847167969 5.3460664749145507812 6.35224151611328125 3.7124507427215576172 4.3264155387878417969 6.0886049270629882812 9.852142333984375 8.6719465255737304688 10.21797943115234375 8.6785860061645507812 9.6435804367065429688 6.7666950225830078125 3.5643782615661621094 12.202488899230957031 10.375885963439941406 4.8466544151306152344
0 0 0 0 0 0 0 0 0 0 0 0 0 0 0 0 0 0 0 0 0 0 0 0 4.2786226272583007812 0.30146360397338867188 0.87780386209487915039 1.7519258260726928711 4.8674325942993164062 5.9881181716918945312 5.6027388572692871094 3.2339341640472412109 7.4045844078063964844 9.3238983154296875 9.9017238616943359375 7.2086129188537597656 8.7323780059814453125 11.585927963256835938 5.2795619964599609375 4.321399688720703125 7.4483747482299804688 8.8096876144409179688 6.982563018798828125
0 0 0 0 0 0 0 0 0 0 0 0 0 0 0 0 0 0 0 0 0 0 0 0 0 0 0 0 6.3892083168029785156 3.3255817890167236328 1.7572219371795654297 1.6894137859344482422 5.1942553520202636719 4.5493721961975097656 6.2374744415283203125 9.153141021728515625 6.2271256446838378906 7.6126408576965332031 4.4274725914001464844 8.7594242095947265625 6.2951297760009765625 6.0868182182312011719 6.7064185142517089844
0 0 0 0 0 0 0 0 0 0 0 0 0 0 0 0 0 0 0 0 0 0 0 0 0 0 0 0 0 0 0 0 0.09383884817361831665 1.2945837974548339844 3.5426700115203857422 6.7785983085632324219 5.8479676246643066406 6.3843884468078613281 6.8575639724731445312 7.3096280097961425781 6.1854343414306640625 4.31909942626953125 1.9624572992324829102
0 0 0 0 0 0 0 0 0 0 0 0 0 0 0 0 0 0 0 0 0 0 0 0 0 0 0 0 0 0 0 0 0 0 0 9.0720167160034179688 6.0237417221069335938 0.58812445402145385742 0.81461995840072631836 7.0898118019104003906 5.3619947433471679688 6.2809872627258300781 10.191083908081054688
0 0 0 0 0 0 0 0 0 0 0 0 0 0 0 0 0 0 0 0 0 0 0 0 0 0 0 0 0 0 0 0 0 0 0 0 0 0 0 5.0957169532775878906 2.5885207653045654297 3.2117898464202880859 1.4671993255615234375
0 0 0 0 0 0 0 0 0 0 0 0 0 0 0 0 0 0 0 0 0 0 0 0 0 0 0 0 0 0 0 0 0 0 0 0 0 0 0 0 0 0 0
