Forest_LCP_Outputs/elevation.asc
ncols        250
nrows        253
xllcorner    -2044817.845419629943
yllcorner    2022214.475814298494
cellsize     26.855736874859
NODATA_value -9999
[rows 126 to 146 of 253, columns 188 to 234 of 250]
1888.166259765625 1887.8494873046875 1888.7430419921875 1889.1357421875 1887.4482421875 1886.63134765625 1887.617919921875 1889.5943603515625 1890.2635498046875 1889.623046875 1888.6461181640625 1886.138916015625 1883.0335693359375 1881.442138671875 1881.0216064453125 1881.302734375 1882.136962890625 1881.007080078125 1879.6328125 1881.1708984375 1882.692138671875 1882.7218017578125 1882.2197265625 1880.43505859375 1879.09130859375 1878.0318603515625 1875.60107421875 1876.2620849609375 1877.206298828125 1876.5120849609375 1875.3209228515625 1877.0992431640625 1881.0826416015625 1881.8577880859375 1884.411865234375 1887.40283203125 1888.9892578125 1893.865966796875 1896.730224609375 1895.3106689453125 1886.852783203125 1885.6748046875 1885.1395263671875 -9999 -9999 -9999 -9999
1888.9384765625 1888.01953125 1888.2686767578125 1888.0963134765625 1886.9674072265625 1886.4317626953125 1887.7353515625 1890.1348876953125 1890.0025634765625 1889.3448486328125 1889.6168212890625 1886.739990234375 1883.2698974609375 1882.1204833984375 1882.6971435546875 1883.785888671875 1883.7686767578125 1881.279541015625 1880.12158203125 1881.514892578125 1883.177734375 1882.4532470703125 1879.9473876953125 1880.251953125 1880.170166015625 1878.9097900390625 1877.2320556640625 1877.3740234375 1878.053466796875 1877.934326171875 1878.74169921875 1881.1212158203125 1883.7930908203125 1882.798095703125 1884.2552490234375 1889.4443359375 1891.930908203125 1894.220703125 1896.4356689453125 1893.6175537109375 1884.2210693359375 1882.179931640625 -9999 -9999 -9999 -9999 -9999
1890.0279541015625 1889.1077880859375 1888.6368408203125 1888.93603515625 1888.1500244140625 1886.8514404296875 1886.825439453125 1888.3045654296875 1887.9345703125 1888.291015625 1889.7215576171875 1886.92529296875 1884.898681640625 1884.5140380859375 1885.420166015625 1886.1800537109375 1884.2977294921875 1880.428466796875 1879.7012939453125 1881.7423095703125 1884.2470703125 1882.140869140625 1880.5577392578125 1880.3790283203125 1880.0521240234375 1878.3287353515625 1878.589599609375 1879.7080078125 1879.8668212890625 1879.3165283203125 1880.97412109375 1882.9736328125 1885.869140625 1886.2784423828125 1888.086669921875 1889.3707275390625 1889.365478515625 1888.3929443359375 1887.4874267578125 1885.779541015625 1883.415771484375 1880.8548583984375 -9999 -9999 -9999 -9999 -9999
1890.6248779296875 1889.0955810546875 1888.9180908203125 1890.1922607421875 1890.0631103515625 1887.7586669921875 1885.303955078125 1885.860107421875 1885.84765625 1887.4207763671875 1888.6444091796875 1887.19775390625 1885.9327392578125 1886.9803466796875 1888.11767578125 1887.4501953125 1884.29541015625 1879.844482421875 1879.419677734375 1881.6302490234375 1884.495849609375 1884.3687744140625 1883.1207275390625 1881.999267578125 1880.179443359375 1877.142578125 1880.1435546875 1882.8221435546875 1881.7022705078125 1879.466796875 1881.6126708984375 1883.9058837890625 1887.231689453125 1890.368408203125 1890.55029296875 1888.6064453125 1885.7177734375 1881.2210693359375 1881.2757568359375 1884.369140625 1886.359130859375 1883.638916015625 -9999 -9999 -9999 -9999 -9999
1890.1219482421875 1888.5328369140625 1889.1990966796875 1890.8292236328125 1891.236083984375 1888.628662109375 1885.8123779296875 1885.326904296875 1885.983642578125 1887.0611572265625 1886.6925048828125 1886.383544921875 1886.6885986328125 1889.0804443359375 1889.3074951171875 1887.77197265625 1884.215087890625 1880.5709228515625 1879.6365966796875 1881.203857421875 1884.1290283203125 1886.001953125 1885.9664306640625 1884.58154296875 1881.3248291015625 1878.41259765625 1881.1697998046875 1884.744873046875 1883.093017578125 1881.273193359375 1881.5426025390625 1883.9376220703125 1888.1318359375 1892.419677734375 1891.33154296875 1888.56982421875 1883.9180908203125 1880.877685546875 1883.7689208984375 1887.5916748046875 1890.318115234375 1889.5428466796875 -9999 -9999 -9999 -9999 -9999
1889.3045654296875 1889.01220703125 1889.480224609375 1890.796630859375 1891.4495849609375 1889.0439453125 1887.3321533203125 1887.2181396484375 1888.2657470703125 1888.25 1885.6033935546875 1885.72412109375 1887.1572265625 1889.305419921875 1889.5806884765625 1887.339111328125 1884.2777099609375 1880.79248046875 1879.9361572265625 1882.3992919921875 1885.413818359375 1887.5313720703125 1886.8067626953125 1885.2196044921875 1883.8858642578125 1881.5677490234375 1882.0172119140625 1884.3798828125 1884.48193359375 1882.305908203125 1881.280029296875 1883.832763671875 1887.91015625 1892.4224853515625 1891.6451416015625 1889.0133056640625 1885.249267578125 1883.8807373046875 1886.2376708984375 1890.825439453125 1893.708251953125 -9999 -9999 -9999 -9999 -9999 -9999
1888.9886474609375 1889.5732421875 1889.235595703125 1890.4698486328125 1891.8466796875 1890.081787109375 1888.3760986328125 1889.4656982421875 1890.1549072265625 1887.94970703125 1885.727783203125 1885.5712890625 1886.9180908203125 1888.296630859375 1888.009521484375 1885.990234375 1883.5484619140625 1880.6612548828125 1880.244873046875 1883.3634033203125 1886.3878173828125 1887.109619140625 1884.2626953125 1882.8111572265625 1884.2281494140625 1883.7335205078125 1881.5853271484375 1882.155029296875 1884.0631103515625 1882.3768310546875 1880.644775390625 1884.6036376953125 1888.196533203125 1891.591796875 1890.8687744140625 1888.8497314453125 1887.67041015625 1886.6883544921875 1889.0609130859375 1894.030517578125 1896.114990234375 -9999 -9999 -9999 -9999 -9999 -9999
1889.1014404296875 1888.8765869140625 1887.30908203125 1888.245361328125 1891.4342041015625 1890.193115234375 1889.0894775390625 1890.2998046875 1889.8824462890625 1888.078369140625 1886.4246826171875 1886.0413818359375 1886.22265625 1886.640869140625 1886.2022705078125 1883.98291015625 1881.99365234375 1880.119140625 1880.2109375 1883.6959228515625 1886.1959228515625 1884.7939453125 1881.2490234375 1880.74462890625 1883.460205078125 1883.150146484375 1878.509521484375 1878.4266357421875 1882.005859375 1882.1844482421875 1882.48583984375 1885.802490234375 1888.8681640625 1889.9827880859375 1888.2410888671875 1886.498046875 1886.427001953125 1888.3800048828125 1892.1748046875 1896.2232666015625 1896.24560546875 -9999 -9999 -9999 -9999 -9999 -9999
1889.1904296875 1887.0565185546875 1885.237548828125 1886.34765625 1889.6937255859375 1890.2508544921875 1890.3814697265625 1891.228515625 1891.517822265625 1889.7108154296875 1888.1741943359375 1886.5218505859375 1884.5875244140625 1884.9481201171875 1884.652099609375 1882.9776611328125 1880.595703125 1879.7060546875 1880.7694091796875 1883.9117431640625 1886.5394287109375 1884.1116943359375 1880.986572265625 1879.7840576171875 1880.43310546875 1880.39013671875 1876.3475341796875 1876.9627685546875 1880.4202880859375 1882.65087890625 1885.5294189453125 1888.2034912109375 1889.140380859375 1888.110107421875 1884.45263671875 1882.7340087890625 1885.268310546875 1889.185302734375 1893.5179443359375 1895.69775390625 1895.429443359375 -9999 -9999 -9999 -9999 -9999 -9999
1888.639404296875 1885.9290771484375 1884.702392578125 1886.0213623046875 1888.485107421875 1889.9736328125 1891.65869140625 1892.1611328125 1892.251708984375 1891.26806640625 1890.2186279296875 1887.59130859375 1884.7674560546875 1884.2506103515625 1884.1380615234375 1883.1846923828125 1881.361572265625 1880.7470703125 1881.438232421875 1883.997314453125 1886.253662109375 1886.0809326171875 1882.63037109375 1880.128662109375 1878.12353515625 1877.83544921875 1877.08056640625 1877.4114990234375 1880.1505126953125 1882.800537109375 1886.7232666015625 1889.7327880859375 1889.508056640625 1886.8536376953125 1883.7899169921875 1882.882080078125 1885.4691162109375 1888.93896484375 1891.6190185546875 1890.9263916015625 -9999 -9999 -9999 -9999 -9999 -9999 -9999
1888.517822265625 1888.346435546875 1886.7508544921875 1886.5721435546875 1887.722412109375 1889.1527099609375 1890.6036376953125 1891.491455078125 1890.5186767578125 1890.4183349609375 1890.160400390625 1887.9073486328125 1886.2962646484375 1884.989013671875 1883.658935546875 1882.47021484375 1880.763671875 1881.241943359375 1881.622314453125 1880.340576171875 1882.69921875 1885.283203125 1884.9246826171875 1882.14404296875 1879.512451171875 1879.9000244140625 1879.376708984375 1878.779052734375 1880.2657470703125 1883.436767578125 1887.0538330078125 1889.818603515625 1889.11474609375 1886.405517578125 1884.4056396484375 1884.5740966796875 1886.770263671875 1888.832275390625 1889.4805908203125 1889.2821044921875 -9999 -9999 -9999 -9999 -9999 -9999 -9999
1888.2393798828125 1889.6375732421875 1887.893798828125 1887.2518310546875 1887.523193359375 1889.4371337890625 1890.3458251953125 1890.0341796875 1887.712158203125 1885.60009765625 1886.3123779296875 1887.9334716796875 1888.3199462890625 1886.783203125 1884.190185546875 1882.916015625 1881.8336181640625 1881.7010498046875 1879.43310546875 1875.11328125 1877.35546875 1883.9022216796875 1885.862548828125 1883.805908203125 1882.36474609375 1882.8946533203125 1882.8343505859375 1880.746337890625 1881.6834716796875 1884.271484375 1887.5406494140625 1889.2462158203125 1888.024169921875 1885.261474609375 1884.81298828125 1886.40625 1888.19091796875 1889.2449951171875 1889.2447509765625 1889.24462890625 -9999 -9999 -9999 -9999 -9999 -9999 -9999
1886.910888671875 1888.4454345703125 1887.7667236328125 1887.4981689453125 1888.5802001953125 1889.3873291015625 1890.307373046875 1889.8787841796875 1886.4493408203125 1883.7789306640625 1884.879638671875 1887.84814453125 1889.7783203125 1889.0037841796875 1887.2470703125 1885.5963134765625 1884.40380859375 1884.332763671875 1881.3804931640625 1875.2305908203125 1876.8189697265625 1882.052978515625 1883.0887451171875 1880.775390625 1882.0194091796875 1885.063720703125 1885.311767578125 1882.7216796875 1882.263427734375 1884.5849609375 1888.293701171875 1889.4827880859375 1887.4615478515625 1884.2998046875 1884.9698486328125 1887.4066162109375 1888.4862060546875 1889.2447509765625 1889.2445068359375 -9999 -9999 -9999 -9999 -9999 -9999 -9999 -9999
1882.6373291015625 1884.7291259765625 1886.48388671875 1887.264404296875 1887.6513671875 1888.5718994140625 1890.60205078125 1890.4168701171875 1887.9151611328125 1886.1500244140625 1886.6116943359375 1887.1470947265625 1888.1285400390625 1888.34716796875 1888.249267578125 1887.453125 1887.324462890625 1888.67822265625 1886.3011474609375 1878.9063720703125 1878.6441650390625 1880.06201171875 1879.1617431640625 1878.51025390625 1881.2315673828125 1885.1285400390625 1885.595458984375 1883.5379638671875 1882.8270263671875 1884.3331298828125 1888.92236328125 1891.8795166015625 1888.7547607421875 1885.117431640625 1885.286865234375 1887.5460205078125 1887.8665771484375 1887.9658203125 1888.6986083984375 -9999 -9999 -9999 -9999 -9999 -9999 -9999 -9999
1878.424072265625 1880.6302490234375 1883.691650390625 1886.1993408203125 1886.6563720703125 1887.93359375 1890.2088623046875 1890.9749755859375 1889.8489990234375 1889.8873291015625 1888.564697265625 1885.5152587890625 1884.503662109375 1885.478515625 1887.236083984375 1888.0126953125 1889.302734375 1891.67724609375 1890.154541015625 1883.9488525390625 1880.9935302734375 1879.780517578125 1878.5291748046875 1878.068359375 1880.2503662109375 1883.6094970703125 1884.411865234375 1883.2462158203125 1883.28564453125 1884.112548828125 1888.3719482421875 1891.86865234375 1890.58935546875 1887.0203857421875 1885.4554443359375 1886.1563720703125 1886.0501708984375 1886.7237548828125 1887.72119140625 -9999 -9999 -9999 -9999 -9999 -9999 -9999 -9999
1877.1617431640625 1878.30859375 1881.7542724609375 1884.4871826171875 1885.9478759765625 1887.447998046875 1889.6546630859375 1890.361328125 1890.8310546875 1892.1553955078125 1889.23876953125 1881.76806640625 1881.176513671875 1883.3349609375 1885.8583984375 1887.612060546875 1889.8948974609375 1892.0130615234375 1891.3150634765625 1885.9188232421875 1880.6131591796875 1878.168212890625 1879.146484375 1878.9063720703125 1880.279541015625 1882.4495849609375 1882.683837890625 1882.31201171875 1883.2144775390625 1885.1427001953125 1888.64990234375 1891.9327392578125 1892.8135986328125 1889.6014404296875 1886.3636474609375 1886.235595703125 1884.763427734375 1885.681396484375 1886.1495361328125 -9999 -9999 -9999 -9999 -9999 -9999 -9999 -9999
1880.0780029296875 1880.1324462890625 1880.97607421875 1883.117431640625 1884.9873046875 1886.4073486328125 1887.1318359375 1887.783935546875 1890.2001953125 1892.9598388671875 1888.0355224609375 1882.311279296875 1881.1104736328125 1882.9713134765625 1885.199462890625 1887.3388671875 1889.7340087890625 1891.15087890625 1890.0550537109375 1884.3095703125 1878.7254638671875 1878.54541015625 1881.4796142578125 1881.037109375 1880.56005859375 1881.2275390625 1880.4842529296875 1880.5107421875 1882.3880615234375 1884.8695068359375 1888.390625 1891.2203369140625 1895.006103515625 1892.957763671875 1889.2572021484375 1887.236083984375 1884.6939697265625 1884.7091064453125 -9999 -9999 -9999 -9999 -9999 -9999 -9999 -9999 -9999
1883.806396484375 1880.97119140625 1880.2117919921875 1882.2279052734375 1884.87451171875 1886.2259521484375 1885.6181640625 1885.4835205078125 1889.0062255859375 1891.970458984375 1888.7864990234375 1883.3572998046875 1881.9366455078125 1884.025634765625 1887.1966552734375 1888.683349609375 1890.0416259765625 1889.9671630859375 1887.2841796875 1883.9072265625 1881.5615234375 1882.08154296875 1884.6083984375 1884.7564697265625 1882.1441650390625 1880.5760498046875 1878.7266845703125 1878.9779052734375 1881.2796630859375 1883.9189453125 1887.5592041015625 1890.8028564453125 1895.0443115234375 1896.1070556640625 1892.3323974609375 1888.131591796875 1885.2540283203125 1884.989990234375 -9999 -9999 -9999 -9999 -9999 -9999 -9999 -9999 -9999
1882.8934326171875 1879.728759765625 1878.3070068359375 1882.0198974609375 1886.248779296875 1886.8118896484375 1885.506591796875 1885.0140380859375 1887.7564697265625 1889.5828857421875 1886.4761962890625 1882.74169921875 1882.203125 1884.8690185546875 1887.3896484375 1889.240966796875 1889.51220703125 1889.2470703125 1888.4022216796875 1885.929443359375 1884.6943359375 1885.5064697265625 1886.94384765625 1886.1455078125 1883.435546875 1881.5067138671875 1878.794921875 1878.40625 1879.8380126953125 1881.6739501953125 1885.620361328125 1890.70654296875 1894.0517578125 1895.9010009765625 1892.4501953125 1887.849609375 1886.3341064453125 1886.873779296875 -9999 -9999 -9999 -9999 -9999 -9999 -9999 -9999 -9999
1881.63916015625 1878.1568603515625 1877.3529052734375 1882.5462646484375 1886.5958251953125 1886.8121337890625 1886.0782470703125 1885.342529296875 1885.6065673828125 1886.3026123046875 1883.701416015625 1881.3089599609375 1882.424560546875 1884.601318359375 1885.9134521484375 1886.9320068359375 1888.205810546875 1889.246826171875 1888.94384765625 1887.9901123046875 1886.9508056640625 1887.2340087890625 1887.2415771484375 1885.5050048828125 1884.1678466796875 1883.075927734375 1880.63330078125 1878.13427734375 1876.57763671875 1877.354248046875 1881.84228515625 1888.3292236328125 1891.814208984375 1892.1632080078125 1890.53564453125 1887.4072265625 1887.3284912109375 1887.893310546875 -9999 -9999 -9999 -9999 -9999 -9999 -9999 -9999 -9999
1882.21875 1879.6668701171875 1878.860107421875 1881.4173583984375 1885.2186279296875 1886.3115234375 1887.056640625 1885.444580078125 1885.2484130859375 1884.653076171875 1882.9598388671875 1881.9014892578125 1884.1234130859375 1885.1419677734375 1883.7479248046875 1883.9613037109375 1886.6322021484375 1888.9185791015625 1889.7635498046875 1889.6148681640625 1888.38916015625 1888.03857421875 1886.757568359375 1885.080322265625 1884.412353515625 1883.693359375 1880.720703125 1876.7208251953125 1873.469482421875 1873.401611328125 1877.1199951171875 1886.22607421875 1888.7205810546875 1887.857421875 1889.1953125 1889.0775146484375 1889.49755859375 -9999 -9999 -9999 -9999 -9999 -9999 -9999 -9999 -9999 -9999
