Forest_LCP_Outputs/elevation.asc
ncols        250
nrows        253
xllcorner    -2044817.845419629943
yllcorner    2022214.475814298494
cellsize     26.855736874859
NODATA_value -9999
[rows 126 to 146 of 253, columns 0 to 46 of 250]
-9999 -9999 -9999 -9999 -9999 -9999 -9999 -9999 -9999 -9999 -9999 -9999 -9999 -9999 -9999 -9999 -9999 -9999 -9999 -9999 1926.1944580078125 1926.19482421875 1926.1951904296875 1926.195556640625 1926.19580078125 1926.1961669921875 1926.196533203125 1926.1968994140625 1926.197265625 1926.1976318359375 1926.1978759765625 1926.1982421875 1926.1986083984375 1926.198974609375 1926.1993408203125 1926.1995849609375 1928.961669921875 1932.1607666015625 1936.0482177734375 1941.425537109375 1946.9844970703125 1943.6961669921875 1937.1021728515625 1934.197998046875 1932.9053955078125 1932.4599609375 1933.4224853515625
-9999 -9999 -9999 -9999 -9999 -9999 -9999 -9999 -9999 -9999 -9999 -9999 -9999 -9999 -9999 -9999 -9999 -9999 -9999 1926.1939697265625 1926.1942138671875 1926.194580078125 1926.1949462890625 1926.1953125 1926.195556640625 1926.1959228515625 1926.1962890625 1926.1966552734375 1926.197021484375 1926.1973876953125 1926.1976318359375 1926.197998046875 1926.1983642578125 1926.19873046875 1926.1990966796875 1926.3826904296875 1927.9737548828125 1932.4959716796875 1938.835205078125 1944.1563720703125 1947.6727294921875 1944.932861328125 1938.671630859375 1932.87646484375 1931.5509033203125 1931.12158203125 1934.1544189453125
-9999 -9999 -9999 -9999 -9999 -9999 -9999 -9999 -9999 -9999 -9999 -9999 -9999 -9999 -9999 -9999 -9999 -9999 -9999 1926.193603515625 1926.1939697265625 1926.1943359375 1926.1947021484375 1926.195068359375 1926.1954345703125 1926.1956787109375 1926.196044921875 1926.1964111328125 1926.19677734375 1926.1971435546875 1926.1973876953125 1926.19775390625 1926.1981201171875 1926.198486328125 1926.1988525390625 1926.6641845703125 1927.6302490234375 1931.415283203125 1937.6484375 1943.1915283203125 1947.1700439453125 1944.8963623046875 1940.36328125 1933.373291015625 1928.6160888671875 1927.47119140625 1932.1744384765625
-9999 -9999 -9999 -9999 -9999 -9999 -9999 -9999 -9999 -9999 -9999 -9999 -9999 -9999 -9999 -9999 -9999 -9999 -9999 1926.193359375 1926.1937255859375 1926.194091796875 1926.1944580078125 1926.19482421875 1926.1951904296875 1926.1954345703125 1926.19580078125 1926.1961669921875 1926.196533203125 1926.1968994140625 1926.197265625 1926.197509765625 1926.1978759765625 1926.1982421875 1926.1986083984375 1926.94580078125 1927.2977294921875 1931.9888916015625 1936.9898681640625 1940.8094482421875 1943.455322265625 1942.6578369140625 1939.8094482421875 1933.8460693359375 1927.1282958984375 1923.3370361328125 1929.9298095703125
-9999 -9999 -9999 -9999 -9999 -9999 -9999 -9999 -9999 -9999 -9999 -9999 -9999 -9999 -9999 -9999 -9999 -9999 1926.1929931640625 1926.193115234375 1926.1934814453125 1926.19384765625 1926.1942138671875 1926.194580078125 1926.1949462890625 1926.1951904296875 1926.195556640625 1926.1959228515625 1926.1962890625 1926.1966552734375 1926.197021484375 1926.197265625 1926.1976318359375 1926.197998046875 1926.1983642578125 1927.3719482421875 1929.5792236328125 1934.2476806640625 1937.396240234375 1939.570068359375 1941.154541015625 1940.4351806640625 1938.4241943359375 1934.1954345703125 1930.168212890625 1928.872802734375 1933.758544921875
-9999 -9999 -9999 -9999 -9999 -9999 -9999 -9999 -9999 -9999 -9999 -9999 -9999 -9999 -9999 -9999 -9999 -9999 1926.192626953125 1926.1929931640625 1926.1932373046875 1926.193603515625 1926.1939697265625 1926.1943359375 1926.1947021484375 1926.195068359375 1926.1953125 1926.1956787109375 1926.196044921875 1926.1964111328125 1926.19677734375 1926.197021484375 1926.1973876953125 1926.19775390625 1926.81640625 1929.3507080078125 1932.8037109375 1935.93115234375 1938.7666015625 1940.1180419921875 1939.6763916015625 1938.2012939453125 1936.4534912109375 1933.930908203125 1932.2020263671875 1932.4427490234375 1935.984619140625
-9999 -9999 -9999 -9999 -9999 -9999 -9999 -9999 -9999 -9999 -9999 -9999 -9999 -9999 -9999 -9999 -9999 -9999 1926.1923828125 1926.1927490234375 1926.1929931640625 1926.193359375 1926.1937255859375 1926.194091796875 1926.1944580078125 1926.19482421875 1926.195068359375 1926.1954345703125 1926.19580078125 1926.1961669921875 1926.196533203125 1926.1968994140625 1926.197265625 1926.1976318359375 1929.703857421875 1933.5428466796875 1935.167724609375 1937.62890625 1939.092041015625 1939.28271484375 1939.11767578125 1936.874755859375 1934.4892578125 1932.8531494140625 1932.537109375 1933.5643310546875 1935.689453125
-9999 -9999 -9999 -9999 -9999 -9999 -9999 -9999 -9999 -9999 -9999 -9999 -9999 -9999 -9999 -9999 -9999 -9999 1926.192138671875 1926.1925048828125 1926.19287109375 1926.193115234375 1926.1934814453125 1926.19384765625 1926.1942138671875 1926.194580078125 1926.19482421875 1926.1951904296875 1926.195556640625 1926.1959228515625 1926.1962890625 1926.1966552734375 1926.197021484375 1926.1973876953125 1934.29296875 1935.7935791015625 1936.9462890625 1940.4019775390625 1940.3057861328125 1940.3529052734375 1938.72705078125 1936.150146484375 1933.1954345703125 1932.2459716796875 1932.8834228515625 1933.9083251953125 1936.062744140625
-9999 -9999 -9999 -9999 -9999 -9999 -9999 -9999 -9999 -9999 -9999 -9999 -9999 -9999 -9999 -9999 -9999 1926.191650390625 1926.19189453125 1926.1922607421875 1926.192626953125 1926.19287109375 1926.1932373046875 1926.193603515625 1926.1939697265625 1926.1943359375 1926.1947021484375 1926.195068359375 1926.1954345703125 1926.19580078125 1926.1961669921875 1926.196533203125 1926.19677734375 1926.1971435546875 1938.375244140625 1936.4393310546875 1938.7005615234375 1941.8507080078125 1942.69140625 1941.6461181640625 1938.8106689453125 1935.1578369140625 1932.631591796875 1931.5675048828125 1933.146484375 1935.3087158203125 1937.5108642578125
-9999 -9999 -9999 -9999 -9999 -9999 -9999 -9999 -9999 -9999 -9999 -9999 -9999 -9999 -9999 -9999 -9999 1926.1912841796875 1926.191650390625 1926.1920166015625 1926.1923828125 1926.192626953125 1926.1929931640625 1926.193359375 1926.1937255859375 1926.194091796875 1926.1944580078125 1926.19482421875 1926.1951904296875 1926.195556640625 1926.1959228515625 1926.1962890625 1926.1966552734375 1928.4415283203125 1935.671142578125 1935.9044189453125 1938.677734375 1941.578857421875 1943.01171875 1942.40234375 1937.949951171875 1932.3363037109375 1929.1358642578125 1930.48046875 1933.348388671875 1935.7869873046875 1938.8277587890625
-9999 -9999 -9999 -9999 -9999 -9999 -9999 -9999 -9999 -9999 -9999 -9999 -9999 -9999 -9999 -9999 -9999 1926.1910400390625 1926.19140625 1926.1917724609375 1926.192138671875 1926.1925048828125 1926.1927490234375 1926.193115234375 1926.1934814453125 1926.1939697265625 1926.1943359375 1926.194580078125 1926.1949462890625 1926.1953125 1926.1956787109375 1926.196044921875 1926.1964111328125 1929.0816650390625 1932.4005126953125 1934.3955078125 1938.5478515625 1941.92626953125 1944.5904541015625 1942.61669921875 1936.90869140625 1929.7283935546875 1927.9373779296875 1930.9818115234375 1934.06494140625 1936.0665283203125 1940.0291748046875
-9999 -9999 -9999 -9999 -9999 -9999 -9999 -9999 -9999 -9999 -9999 -9999 -9999 -9999 -9999 -9999 -9999 1926.1907958984375 1926.191162109375 1926.1915283203125 1926.19189453125 1926.1922607421875 1926.1925048828125 1926.1929931640625 1926.193359375 1926.1937255859375 1926.194091796875 1926.1944580078125 1926.1947021484375 1926.195068359375 1926.1954345703125 1926.19580078125 1926.1961669921875 1929.800537109375 1931.279296875 1933.2918701171875 1938.9322509765625 1944.1578369140625 1947.327392578125 1943.3922119140625 1936.2646484375 1930.2061767578125 1929.841552734375 1935.0025634765625 1938.67236328125 1938.7359619140625 1941.7449951171875
-9999 -9999 -9999 -9999 -9999 -9999 -9999 -9999 -9999 -9999 -9999 -9999 -9999 -9999 -9999 -9999 1926.1903076171875 1926.1905517578125 1926.19091796875 1926.1912841796875 1926.191650390625 1926.1920166015625 1926.1923828125 1926.1927490234375 1926.193115234375 1926.1934814453125 1926.19384765625 1926.1942138671875 1926.1944580078125 1926.19482421875 1926.1951904296875 1926.195556640625 1926.263671875 1931.368408203125 1932.7945556640625 1936.416015625 1942.1575927734375 1947.5513916015625 1950.750244140625 1943.3388671875 1932.72412109375 1930.3740234375 1934.317138671875 1940.266845703125 1941.824462890625 1942.0469970703125 1943.5770263671875
-9999 -9999 -9999 -9999 -9999 -9999 -9999 -9999 -9999 -9999 -9999 -9999 -9999 -9999 -9999 -9999 1926.1900634765625 1926.1903076171875 1926.190673828125 1926.1910400390625 1926.19140625 1926.1917724609375 1926.1922607421875 1926.1925048828125 1926.19287109375 1926.1932373046875 1926.193603515625 1926.1939697265625 1926.1942138671875 1926.194580078125 1926.1949462890625 1926.1953125 1927.591796875 1932.679443359375 1936.14501953125 1940.8148193359375 1946.4949951171875 1949.4345703125 1951.0318603515625 1940.1129150390625 1929.247802734375 1932.6409912109375 1937.2802734375 1941.6651611328125 1943.51171875 1944.3829345703125 1945.418212890625
-9999 -9999 -9999 -9999 -9999 -9999 -9999 -9999 -9999 -9999 -9999 -9999 -9999 -9999 -9999 -9999 1926.1898193359375 1926.1900634765625 1926.1904296875 1926.1907958984375 1926.1912841796875 1926.191650390625 1926.1920166015625 1926.1922607421875 1926.192626953125 1926.1929931640625 1926.193359375 1926.1937255859375 1926.194091796875 1926.1943359375 1926.1947021484375 1926.352783203125 1928.4871826171875 1932.97119140625 1938.3251953125 1944.653076171875 1949.8935546875 1949.08447265625 1947.3077392578125 1940.2713623046875 1933.8189697265625 1935.9554443359375 1939.52392578125 1943.478515625 1944.527587890625 1944.896484375 1945.800048828125
-9999 -9999 -9999 -9999 -9999 -9999 -9999 -9999 -9999 -9999 -9999 -9999 -9999 -9999 -9999 -9999 1926.1895751953125 1926.18994140625 1926.1903076171875 1926.190673828125 1926.1910400390625 1926.19140625 1926.1917724609375 1926.1920166015625 1926.1923828125 1926.1927490234375 1926.193115234375 1926.1934814453125 1926.19384765625 1926.194091796875 1926.1944580078125 1926.9639892578125 1928.9539794921875 1933.952880859375 1940.91845703125 1946.6712646484375 1949.49755859375 1946.0548095703125 1942.879638671875 1940.5826416015625 1938.8717041015625 1939.5361328125 1942.74462890625 1945.8782958984375 1944.9720458984375 1944.3233642578125 1943.8583984375
-9999 -9999 -9999 -9999 -9999 -9999 -9999 -9999 -9999 -9999 -9999 -9999 -9999 -9999 -9999 1926.1890869140625 1926.1893310546875 1926.189697265625 1926.1900634765625 1926.1904296875 1926.1907958984375 1926.191162109375 1926.1915283203125 1926.19189453125 1926.192138671875 1926.1925048828125 1926.19287109375 1926.1932373046875 1926.193603515625 1926.1939697265625 1926.1943359375 1927.397705078125 1931.56396484375 1937.106689453125 1942.7967529296875 1947.426025390625 1948.69677734375 1944.1240234375 1939.6976318359375 1938.624267578125 1939.944580078125 1942.5621337890625 1945.5552978515625 1947.881103515625 1946.401611328125 1945.764404296875 1947.5205078125
-9999 -9999 -9999 -9999 -9999 -9999 -9999 -9999 -9999 -9999 -9999 -9999 -9999 -9999 -9999 1926.188720703125 1926.189208984375 1926.1895751953125 1926.1898193359375 1926.190185546875 1926.1905517578125 1926.19091796875 1926.1912841796875 1926.191650390625 1926.19189453125 1926.1922607421875 1926.192626953125 1926.1929931640625 1926.193359375 1926.19384765625 1926.70166015625 1929.6298828125 1934.1787109375 1939.457275390625 1944.56884765625 1948.27099609375 1948.4146728515625 1943.9608154296875 1937.708984375 1936.3914794921875 1938.8443603515625 1942.8548583984375 1947.158447265625 1948.8873291015625 1948.2235107421875 1948.8046875 1951.0166015625
-9999 -9999 -9999 -9999 -9999 -9999 -9999 -9999 -9999 -9999 -9999 -9999 -9999 -9999 -9999 1926.1884765625 1926.18896484375 1926.1893310546875 1926.1895751953125 1926.18994140625 1926.1903076171875 1926.190673828125 1926.1910400390625 1926.19140625 1926.191650390625 1926.1920166015625 1926.1923828125 1926.19287109375 1926.1932373046875 1926.193603515625 1928.1663818359375 1931.778564453125 1935.3072509765625 1941.568115234375 1947.59716796875 1949.1585693359375 1948.043212890625 1944.6646728515625 1938.532470703125 1937.17626953125 1938.4365234375 1942.2252197265625 1947.539794921875 1949.2506103515625 1949.05859375 1950.5853271484375 1953.921875
-9999 -9999 -9999 -9999 -9999 -9999 -9999 -9999 -9999 -9999 -9999 -9999 -9999 -9999 -9999 1926.1883544921875 1926.188720703125 1926.1890869140625 1926.189453125 1926.189697265625 1926.1900634765625 1926.1904296875 1926.1907958984375 1926.191162109375 1926.1915283203125 1926.19189453125 1926.1922607421875 1926.192626953125 1926.1929931640625 1926.193359375 1930.572509765625 1933.880859375 1936.7191162109375 1942.5733642578125 1947.508544921875 1948.3038330078125 1947.230224609375 1944.5460205078125 1941.1094970703125 1940.4671630859375 1940.6083984375 1943.419189453125 1948.694091796875 1950.08447265625 1949.9757080078125 1951.737060546875 1955.4849853515625
-9999 -9999 -9999 -9999 -9999 -9999 -9999 -9999 -9999 -9999 -9999 -9999 -9999 -9999 1926.1878662109375 1926.1881103515625 1926.1884765625 1926.1888427734375 1926.189208984375 1926.189453125 1926.1898193359375 1926.190185546875 1926.1905517578125 1926.19091796875 1926.1912841796875 1926.191650390625 1926.1920166015625 1926.1923828125 1926.1927490234375 1926.193115234375 1933.008056640625 1936.06201171875 1939.415283203125 1943.9820556640625 1947.64208984375 1947.6580810546875 1946.4085693359375 1944.0350341796875 1942.072509765625 1942.6605224609375 1943.7513427734375 1948.9417724609375 1951.28564453125 1951.3089599609375 1950.3604736328125 1952.32470703125 1955.875244140625
