Forest_LCP_Outputs/elevation.asc
ncols        250
nrows        253
xllcorner    -2044817.845419629943
yllcorner    2022214.475814298494
cellsize     26.855736874859
NODATA_value -9999
[rows 168 to 188 of 253, columns 188 to 234 of 250]
1892.172607421875 1886.8614501953125 1884.6361083984375 1885.8614501953125 1887.84326171875 1888.46044921875 1887.980712890625 1887.6268310546875 1887.76513671875 1888.3797607421875 1889.560546875 1891.327392578125 1891.350341796875 1890.953369140625 1894.449951171875 1897.1295166015625 1895.5396728515625 1891.6495361328125 1889.2091064453125 1888.3349609375 1887.593017578125 1887.4727783203125 1887.28271484375 1884.9755859375 1882.4857177734375 1881.019287109375 1879.8677978515625 1879.2900390625 1879.237548828125 1879.2947998046875 1880.291748046875 1880.3924560546875 -9999 -9999 -9999 -9999 -9999 -9999 -9999 -9999 -9999 -9999 -9999 -9999 -9999 -9999 -9999
1890.4365234375 1885.8978271484375 1884.0003662109375 1886.4132080078125 1889.310546875 1891.3360595703125 1891.879638671875 1891.01708984375 1890.5516357421875 1890.9940185546875 1893.3663330078125 1894.4879150390625 1893.5401611328125 1892.9744873046875 1898.515625 1900.432373046875 1896.8135986328125 1891.9505615234375 1888.0924072265625 1887.47412109375 1887.2388916015625 1887.14697265625 1885.8848876953125 1883.69384765625 1881.4576416015625 1880.958740234375 1881.31201171875 1881.93359375 1881.62939453125 1880.8416748046875 1881.1956787109375 -9999 -9999 -9999 -9999 -9999 -9999 -9999 -9999 -9999 -9999 -9999 -9999 -9999 -9999 -9999 -9999
1889.756103515625 1888.74658203125 1887.9320068359375 1890.6851806640625 1891.6746826171875 1893.4359130859375 1894.701904296875 1894.59765625 1894.1251220703125 1895.295654296875 1898.3018798828125 1898.508056640625 1896.0125732421875 1896.081787109375 1899.6536865234375 1899.970703125 1896.9332275390625 1892.6719970703125 1888.697509765625 1887.353515625 1887.0772705078125 1886.3515625 1885.248046875 1883.11962890625 1881.2296142578125 1880.2271728515625 1881.9052734375 1883.3662109375 1883.6812744140625 1883.4688720703125 1883.2901611328125 -9999 -9999 -9999 -9999 -9999 -9999 -9999 -9999 -9999 -9999 -9999 -9999 -9999 -9999 -9999 -9999
1890.7742919921875 1893.9915771484375 1896.0079345703125 1896.544677734375 1894.541259765625 1893.291015625 1894.819580078125 1895.867919921875 1896.5380859375 1899.3319091796875 1901.2340087890625 1899.3370361328125 1897.28515625 1898.725341796875 1900.6334228515625 1899.28515625 1897.3519287109375 1893.8629150390625 1889.46533203125 1887.4827880859375 1886.1412353515625 1885.08642578125 1883.6513671875 1882.62841796875 1880.5821533203125 1878.3509521484375 1879.814697265625 1882.996826171875 1884.7396240234375 1885.227294921875 1884.121337890625 -9999 -9999 -9999 -9999 -9999 -9999 -9999 -9999 -9999 -9999 -9999 -9999 -9999 -9999 -9999 -9999
1892.7882080078125 1898.7734375 1899.56640625 1898.79638671875 1894.82177734375 1892.4766845703125 1893.6893310546875 1895.77685546875 1897.543212890625 1900.4403076171875 1901.6962890625 1899.806396484375 1899.0863037109375 1901.5220947265625 1903.26611328125 1901.2281494140625 1898.6654052734375 1895.363037109375 1890.748291015625 1887.921630859375 1885.537109375 1883.6551513671875 1882.4881591796875 1882.2373046875 1880.7789306640625 1879.1671142578125 1880.2493896484375 1882.52099609375 1884.0418701171875 1885.05419921875 1884.236083984375 -9999 -9999 -9999 -9999 -9999 -9999 -9999 -9999 -9999 -9999 -9999 -9999 -9999 -9999 -9999 -9999
1894.2525634765625 1898.4847412109375 1899.0577392578125 1898.3145751953125 1895.450927734375 1894.138671875 1894.475830078125 1895.7308349609375 1897.0609130859375 1898.7559814453125 1899.55078125 1899.89453125 1901.0113525390625 1904.4815673828125 1905.2352294921875 1903.6285400390625 1899.4403076171875 1895.9617919921875 1892.620361328125 1889.86474609375 1886.114013671875 1882.8701171875 1882.2373046875 1882.2899169921875 1881.9547119140625 1883.0693359375 1882.7969970703125 1881.9376220703125 1882.652099609375 1883.9534912109375 -9999 -9999 -9999 -9999 -9999 -9999 -9999 -9999 -9999 -9999 -9999 -9999 -9999 -9999 -9999 -9999 -9999
1894.33544921875 1899.02783203125 1899.544677734375 1899.7872314453125 1897.211669921875 1895.7900390625 1895.6591796875 1896.090087890625 1896.2398681640625 1897.366455078125 1897.9156494140625 1900.081787109375 1902.9571533203125 1905.5672607421875 1905.406494140625 1903.2689208984375 1899.325927734375 1896.087890625 1894.3994140625 1892.4478759765625 1887.1405029296875 1882.54345703125 1882.23291015625 1883.129150390625 1883.600830078125 1885.5919189453125 1885.1348876953125 1883.1524658203125 1882.8902587890625 1883.979736328125 -9999 -9999 -9999 -9999 -9999 -9999 -9999 -9999 -9999 -9999 -9999 -9999 -9999 -9999 -9999 -9999 -9999
1898.9422607421875 1902.134033203125 1902.99267578125 1904.4854736328125 1901.1583251953125 1897.6917724609375 1896.6488037109375 1896.6064453125 1896.3819580078125 1897.412841796875 1898.0721435546875 1900.4173583984375 1904.293212890625 1905.668701171875 1904.6636962890625 1902.6978759765625 1899.0029296875 1896.360595703125 1896.5535888671875 1893.1077880859375 1886.9813232421875 1882.253662109375 1881.31591796875 1882.490478515625 1884.094970703125 1886.470703125 1885.9058837890625 1884.14013671875 1884.469482421875 1884.668701171875 -9999 -9999 -9999 -9999 -9999 -9999 -9999 -9999 -9999 -9999 -9999 -9999 -9999 -9999 -9999 -9999 -9999
1904.3916015625 1906.6785888671875 1908.2889404296875 1907.861083984375 1902.98486328125 1898.9757080078125 1897.999267578125 1898.6104736328125 1899.0574951171875 1898.90185546875 1898.3843994140625 1901.492431640625 1905.5711669921875 1905.3662109375 1903.306884765625 1901.8104248046875 1898.9556884765625 1896.732177734375 1895.19921875 1891.177490234375 1884.4249267578125 1879.48388671875 1878.9007568359375 1880.652099609375 1883.3013916015625 1887.0655517578125 1887.9110107421875 1885.5845947265625 1885.2352294921875 1885.2349853515625 -9999 -9999 -9999 -9999 -9999 -9999 -9999 -9999 -9999 -9999 -9999 -9999 -9999 -9999 -9999 -9999 -9999
1906.756103515625 1909.3837890625 1910.713134765625 1908.1080322265625 1904.0189208984375 1900.7674560546875 1900.515625 1900.87939453125 1900.3177490234375 1899.4442138671875 1898.1756591796875 1901.186279296875 1904.5843505859375 1903.198486328125 1901.398681640625 1900.5311279296875 1898.39306640625 1896.213623046875 1895.180419921875 1889.80322265625 1882.1051025390625 1878.5177001953125 1877.6468505859375 1879.782958984375 1883.012939453125 1887.46435546875 1887.5980224609375 1885.6082763671875 1884.915283203125 -9999 -9999 -9999 -9999 -9999 -9999 -9999 -9999 -9999 -9999 -9999 -9999 -9999 -9999 -9999 -9999 -9999 -9999
1905.1439208984375 1909.606201171875 1909.922607421875 1907.92041015625 1905.1043701171875 1903.6693115234375 1903.7265625 1902.6783447265625 1899.803466796875 1898.619384765625 1897.403564453125 1899.5382080078125 1902.3572998046875 1901.5384521484375 1900.5032958984375 1900.227783203125 1898.051025390625 1895.6510009765625 1896.4512939453125 1893.0238037109375 1891.893310546875 1880.7432861328125 1879.430419921875 1881.384033203125 1883.65576171875 1886.1575927734375 1886.44921875 1884.4853515625 1883.958984375 -9999 -9999 -9999 -9999 -9999 -9999 -9999 -9999 -9999 -9999 -9999 -9999 -9999 -9999 -9999 -9999 -9999 -9999
1904.482666015625 1908.479248046875 1909.3482666015625 1907.601318359375 1906.48193359375 1907.041015625 1906.3565673828125 1903.6256103515625 1898.014892578125 1897.036376953125 1897.684326171875 1899.4940185546875 1901.422119140625 1901.7802734375 1902.0616455078125 1901.824951171875 1897.870849609375 1894.12158203125 1895.1827392578125 1897.138427734375 1890.406982421875 1883.65380859375 1881.655517578125 1882.5277099609375 1883.9366455078125 1885.600341796875 1885.001220703125 1883.287353515625 1882.2540283203125 -9999 -9999 -9999 -9999 -9999 -9999 -9999 -9999 -9999 -9999 -9999 -9999 -9999 -9999 -9999 -9999 -9999 -9999
1906.5750732421875 1908.455810546875 1908.7894287109375 1907.21728515625 1907.615966796875 1908.37158203125 1905.81640625 1900.4981689453125 1895.2652587890625 1895.6458740234375 1898.2874755859375 1900.364013671875 1901.42041015625 1903.2303466796875 1903.8538818359375 1902.27294921875 1897.140869140625 1891.47216796875 1890.90185546875 1891.4635009765625 1889.044677734375 1884.95458984375 1882.57470703125 1883.9248046875 1884.2293701171875 1884.6898193359375 1883.815673828125 1882.7105712890625 1881.40869140625 -9999 -9999 -9999 -9999 -9999 -9999 -9999 -9999 -9999 -9999 -9999 -9999 -9999 -9999 -9999 -9999 -9999 -9999
1906.4945068359375 1906.6888427734375 1906.873291015625 1906.6260986328125 1906.554931640625 1906.6011962890625 1903.31640625 1896.07080078125 1893.2764892578125 1895.3172607421875 1899.259765625 1901.630615234375 1902.425048828125 1903.265625 1903.4388427734375 1901.8651123046875 1895.1798095703125 1888.615234375 1888.4268798828125 1889.5228271484375 1888.7376708984375 1885.251220703125 1883.358642578125 1884.9736328125 1884.7576904296875 1884.07958984375 1882.8316650390625 1882.2257080078125 -9999 -9999 -9999 -9999 -9999 -9999 -9999 -9999 -9999 -9999 -9999 -9999 -9999 -9999 -9999 -9999 -9999 -9999 -9999
1903.6083984375 1902.68505859375 1902.9993896484375 1902.435546875 1903.8880615234375 1905.179443359375 1903.3409423828125 1898.3466796875 1895.887451171875 1897.7012939453125 1900.753662109375 1902.4609375 1902.7059326171875 1903.236328125 1903.2362060546875 1900.800048828125 1891.94287109375 1885.1038818359375 1884.3404541015625 1887.966552734375 1888.1292724609375 1885.236328125 1885.5457763671875 1886.644287109375 1885.9190673828125 1884.107666015625 1883.1810302734375 1883.5240478515625 -9999 -9999 -9999 -9999 -9999 -9999 -9999 -9999 -9999 -9999 -9999 -9999 -9999 -9999 -9999 -9999 -9999 -9999 -9999
1899.299072265625 1897.20947265625 1897.6138916015625 1899.741455078125 1902.3404541015625 1905.652587890625 1905.8883056640625 1902.79541015625 1900.6368408203125 1901.4136962890625 1903.14111328125 1903.8935546875 1903.3770751953125 1903.236083984375 1902.909912109375 1898.7889404296875 1889.281005859375 1882.146484375 1882.9661865234375 1886.0018310546875 1886.2694091796875 1885.702880859375 1887.557373046875 1888.4879150390625 1886.615478515625 1884.38037109375 1883.2469482421875 1885.32666015625 -9999 -9999 -9999 -9999 -9999 -9999 -9999 -9999 -9999 -9999 -9999 -9999 -9999 -9999 -9999 -9999 -9999 -9999 -9999
1896.296875 1894.31396484375 1896.1697998046875 1899.9388427734375 1903.2802734375 1906.6929931640625 1906.160888671875 1903.35986328125 1902.5867919921875 1904.13818359375 1906.800537109375 1906.7252197265625 1905.0291748046875 1903.114501953125 1901.3380126953125 1894.2989501953125 1885.9322509765625 1882.5338134765625 1883.1273193359375 1885.177490234375 1885.512939453125 1886.63916015625 1889.0509033203125 1888.6917724609375 1885.857177734375 1883.2232666015625 1883.494873046875 1885.85107421875 -9999 -9999 -9999 -9999 -9999 -9999 -9999 -9999 -9999 -9999 -9999 -9999 -9999 -9999 -9999 -9999 -9999 -9999 -9999
1898.727783203125 1896.754150390625 1899.087158203125 1902.04443359375 1904.9903564453125 1907.5819091796875 1905.8548583984375 1902.183837890625 1902.2220458984375 1905.3240966796875 1907.3541259765625 1907.53173828125 1905.29736328125 1902.6424560546875 1901.732177734375 1894.6402587890625 1886.5128173828125 1882.9337158203125 1883.6336669921875 1885.224853515625 1885.27197265625 1886.8392333984375 1887.990478515625 1886.201416015625 1883.6754150390625 1881.796630859375 1883.3154296875 -9999 -9999 -9999 -9999 -9999 -9999 -9999 -9999 -9999 -9999 -9999 -9999 -9999 -9999 -9999 -9999 -9999 -9999 -9999 -9999
1903.0025634765625 1901.73779296875 1902.48828125 1903.548828125 1905.064453125 1908.9139404296875 1906.2408447265625 1902.739990234375 1903.27880859375 1905.8861083984375 1907.0540771484375 1905.7125244140625 1903.4737548828125 1901.0177001953125 1901.7353515625 1897.66943359375 1887.86865234375 1881.2078857421875 1881.3851318359375 1883.24462890625 1884.9825439453125 1885.8870849609375 1885.5482177734375 1884.194091796875 1882.662841796875 1881.4490966796875 1883.480712890625 -9999 -9999 -9999 -9999 -9999 -9999 -9999 -9999 -9999 -9999 -9999 -9999 -9999 -9999 -9999 -9999 -9999 -9999 -9999 -9999
1904.322021484375 1903.3480224609375 1903.3944091796875 1901.9761962890625 1902.3414306640625 1906.9881591796875 1908.0889892578125 1905.7569580078125 1906.26611328125 1909.2247314453125 1907.9854736328125 1903.23876953125 1900.1622314453125 1898.4942626953125 1899.322265625 1896.7513427734375 1887.947021484375 1880.4267578125 1879.844482421875 1882.9334716796875 1884.8255615234375 1885.109375 1883.7506103515625 1883.3023681640625 1882.2821044921875 1882.578857421875 1883.2322998046875 -9999 -9999 -9999 -9999 -9999 -9999 -9999 -9999 -9999 -9999 -9999 -9999 -9999 -9999 -9999 -9999 -9999 -9999 -9999 -9999
1901.9267578125 1901.299072265625 1900.2567138671875 1899.18896484375 1899.9027099609375 1905.103759765625 1908.55078125 1910.194091796875 1909.24365234375 1912.0396728515625 1910.224853515625 1902.4813232421875 1897.496826171875 1897.139404296875 1893.890625 1891.7529296875 1887.544189453125 1883.123291015625 1883.1748046875 1885.026123046875 1885.39794921875 1884.287109375 1884.0760498046875 1884.344970703125 1883.3167724609375 1883.1826171875 1883.2320556640625 -9999 -9999 -9999 -9999 -9999 -9999 -9999 -9999 -9999 -9999 -9999 -9999 -9999 -9999 -9999 -9999 -9999 -9999 -9999 -9999
