Forest_LCP_Outputs/elevation.asc
ncols        250
nrows        253
xllcorner    -2044817.845419629943
yllcorner    2022214.475814298494
cellsize     26.855736874859
NODATA_value -9999
[rows 210 to 230 of 253, columns 141 to 187 of 250]
1902.2777099609375 1901.816162109375 1902.072509765625 1901.6181640625 1900.6326904296875 1899.1904296875 1898.6536865234375 1899.068603515625 1900.360107421875 1901.4208984375 1901.0301513671875 1900.9385986328125 1901.0311279296875 1900.232666015625 1902.57373046875 1906.332275390625 1908.9322509765625 1908.8291015625 1909.0537109375 1909.82568359375 1909.421142578125 1909.2554931640625 1910.2557373046875 1911.345703125 1912.3470458984375 1913.3541259765625 1917.0367431640625 1919.1619873046875 1915.289794921875 1908.5634765625 1903.6055908203125 1903.6929931640625 1905.1427001953125 1906.2181396484375 1905.207763671875 1907.3359375 1909.7098388671875 1911.5745849609375 1911.6121826171875 1911.7799072265625 1913.7379150390625 1916.257080078125 1917.231201171875 1915.002197265625 1912.938720703125 1911.784912109375 1912.970947265625
1903.11279296875 1902.8974609375 1902.1639404296875 1901.466796875 1901.94873046875 1901.6650390625 1901.0184326171875 1901.93359375 1902.82666015625 1903.9404296875 1902.5230712890625 1902.068359375 1902.74560546875 1903.223876953125 1905.6983642578125 1910.1673583984375 1913.3094482421875 1913.3267822265625 1913.2310791015625 1913.3748779296875 1911.814697265625 1910.431396484375 1910.388671875 1911.6265869140625 1911.8785400390625 1912.3040771484375 1915.18408203125 1917.003173828125 1915.2115478515625 1911.8560791015625 1905.594970703125 1904.2415771484375 1905.8411865234375 1908.17333984375 1908.96826171875 1910.3775634765625 1911.159912109375 1911.288818359375 1910.792724609375 1910.3494873046875 1911.865234375 1914.0302734375 1914.77734375 1915.1588134765625 1914.6341552734375 1914.786865234375 1915.6175537109375
1902.943359375 1903.5838623046875 1902.48046875 1902.2208251953125 1903.0650634765625 1903.5208740234375 1903.110595703125 1903.6627197265625 1905.5557861328125 1905.37060546875 1903.85009765625 1903.540283203125 1906.0889892578125 1908.3984375 1911.62841796875 1913.6070556640625 1916.2637939453125 1917.306640625 1917.29541015625 1915.593017578125 1912.8927001953125 1910.1260986328125 1909.8345947265625 1912.183837890625 1912.435546875 1911.323486328125 1912.8970947265625 1914.5072021484375 1914.412841796875 1913.6077880859375 1910.7001953125 1907.3831787109375 1908.3414306640625 1910.6038818359375 1911.8262939453125 1911.34228515625 1910.4185791015625 1909.086669921875 1909.1678466796875 1909.4207763671875 1910.9688720703125 1910.94677734375 1912.60205078125 1914.08154296875 1914.886962890625 1915.8570556640625 1916.776611328125
1902.55810546875 1903.519287109375 1902.209716796875 1902.3909912109375 1903.662841796875 1904.7061767578125 1904.052001953125 1903.7474365234375 1904.48486328125 1905.1513671875 1904.75 1905.1318359375 1907.175048828125 1912.44091796875 1914.768310546875 1914.8016357421875 1916.000244140625 1916.7525634765625 1917.0313720703125 1915.2742919921875 1912.1302490234375 1908.8201904296875 1909.9937744140625 1914.2696533203125 1914.268798828125 1911.499267578125 1911.766357421875 1913.7252197265625 1914.24951171875 1914.5728759765625 1913.230712890625 1910.146240234375 1910.501953125 1911.6259765625 1912.0010986328125 1910.1466064453125 1908.483154296875 1907.6480712890625 1908.1676025390625 1909.47265625 1910.71630859375 1910.6986083984375 1911.72216796875 1912.982177734375 1914.0093994140625 1915.302734375 1917.237060546875
1902.219482421875 1902.1201171875 1901.8699951171875 1901.9207763671875 1903.7674560546875 1904.901123046875 1904.47216796875 1903.4810791015625 1903.5491943359375 1905.206298828125 1905.7064208984375 1905.4344482421875 1907.54052734375 1911.927490234375 1913.708251953125 1914.217041015625 1914.3297119140625 1914.4342041015625 1915.186279296875 1913.5040283203125 1910.3883056640625 1906.66943359375 1910.43701171875 1915.575927734375 1915.381103515625 1911.9642333984375 1911.05517578125 1913.7149658203125 1915.5272216796875 1913.9588623046875 1912.326904296875 1910.984619140625 1911.727783203125 1911.512451171875 1910.8577880859375 1909.0174560546875 1908.0828857421875 1907.4423828125 1907.6973876953125 1908.918212890625 1909.6334228515625 1909.7392578125 1911.45556640625 1913.113525390625 1913.5545654296875 1915.5067138671875 1916.751708984375
1902.21923828125 1901.1119384765625 1900.48828125 1901.36669921875 1903.49462890625 1904.0657958984375 1904.2198486328125 1903.2218017578125 1903.6749267578125 1906.05517578125 1907.327392578125 1906.62109375 1907.3349609375 1909.2923583984375 1910.3673095703125 1912.0352783203125 1912.6590576171875 1912.1044921875 1913.2283935546875 1913.2344970703125 1910.8306884765625 1909.593017578125 1912.596435546875 1916.547607421875 1914.9039306640625 1911.1204833984375 1909.5323486328125 1913.885498046875 1916.970947265625 1914.9490966796875 1911.3160400390625 1911.0533447265625 1912.3399658203125 1912.2987060546875 1911.573486328125 1910.4136962890625 1909.6400146484375 1908.0185546875 1907.274169921875 1908.3638916015625 1909.2303466796875 1909.4180908203125 1910.8153076171875 1912.8729248046875 1914.7811279296875 1916.2510986328125 1916.3597412109375
1902.2015380859375 1900.5491943359375 1899.63037109375 1900.82666015625 1903.014404296875 1903.23046875 1903.601806640625 1903.7806396484375 1904.7921142578125 1907.324951171875 1908.71923828125 1907.8853759765625 1907.610595703125 1906.7655029296875 1907.1251220703125 1910.7781982421875 1912.5548095703125 1911.4404296875 1912.960693359375 1915.575927734375 1914.872314453125 1913.753173828125 1915.4962158203125 1918.0323486328125 1916.14013671875 1912.30810546875 1909.8438720703125 1913.51123046875 1916.22900390625 1914.6763916015625 1911.1387939453125 1911.2718505859375 1912.8408203125 1912.516357421875 1912.0228271484375 1912.208984375 1911.8404541015625 1909.4400634765625 1908.2515869140625 1909.125244140625 1909.816650390625 1910.4208984375 1911.751708984375 1913.893310546875 1916.9720458984375 1917.531494140625 1916.38525390625
1902.189453125 1900.8712158203125 1900.176025390625 1900.810791015625 1902.2203369140625 1902.39501953125 1903.5191650390625 1904.221435546875 1905.4425048828125 1907.8873291015625 1908.4554443359375 1908.216552734375 1907.6676025390625 1905.2855224609375 1906.5430908203125 1910.9117431640625 1913.1387939453125 1913.01220703125 1915.1700439453125 1917.3466796875 1916.924560546875 1916.26123046875 1917.064453125 1920.104736328125 1918.8685302734375 1915.5003662109375 1912.6641845703125 1914.1756591796875 1916.228759765625 1914.9512939453125 1912.4156494140625 1912.5323486328125 1913.1251220703125 1911.477294921875 1911.1588134765625 1912.519287109375 1912.735595703125 1911.6641845703125 1910.7850341796875 1911.2274169921875 1911.5010986328125 1912.0933837890625 1913.528076171875 1915.566650390625 1918.7061767578125 1917.7197265625 1916.0811767578125
1903.7884521484375 1904.3597412109375 1902.279052734375 1901.5291748046875 1902.22021484375 1902.220458984375 1903.53515625 1903.99169921875 1904.21826171875 1905.8275146484375 1906.3563232421875 1906.6773681640625 1906.65380859375 1905.27587890625 1905.94140625 1910.9718017578125 1914.6304931640625 1915.164306640625 1916.909912109375 1916.933349609375 1916.2755126953125 1915.8453369140625 1917.0648193359375 1920.0198974609375 1919.8194580078125 1917.074951171875 1915.35986328125 1916.5489501953125 1917.5 1916.7330322265625 1915.3109130859375 1915.2535400390625 1913.5775146484375 1910.8048095703125 1909.8897705078125 1910.9105224609375 1911.2666015625 1911.79248046875 1912.869873046875 1913.1607666015625 1913.32958984375 1914.8792724609375 1915.6812744140625 1916.7161865234375 1916.861083984375 1915.3953857421875 1914.1649169921875
1908.3450927734375 1909.1405029296875 1905.661865234375 1902.4622802734375 1901.545654296875 1901.7613525390625 1902.9403076171875 1902.96826171875 1902.8289794921875 1903.955078125 1904.3070068359375 1904.91259765625 1905.8956298828125 1905.2972412109375 1906.4638671875 1911.840087890625 1914.955078125 1914.43798828125 1915.7784423828125 1915.735107421875 1915.2060546875 1914.8074951171875 1917.5367431640625 1920.125244140625 1918.9090576171875 1916.4215087890625 1916.19482421875 1917.9859619140625 1918.712890625 1918.2882080078125 1918.08740234375 1916.642578125 1914.214111328125 1911.3067626953125 1910.087890625 1910.5880126953125 1911.22998046875 1912.6676025390625 1914.5909423828125 1913.597412109375 1914.35595703125 1915.4886474609375 1916.21728515625 1915.74951171875 1913.03515625 1911.1822509765625 1911.3677978515625
1911.9376220703125 1913.52685546875 1908.8157958984375 1902.8426513671875 1901.7666015625 1901.7642822265625 1902.2205810546875 1902.71875 1903.893798828125 1904.4755859375 1904.552734375 1906.039306640625 1906.9891357421875 1906.503662109375 1908.6234130859375 1912.7490234375 1913.0032958984375 1912.5469970703125 1913.8773193359375 1915.84130859375 1916.5126953125 1917.3984375 1920.0225830078125 1921.0546875 1918.636962890625 1915.369873046875 1916.623779296875 1918.3468017578125 1918.480224609375 1918.467529296875 1919.1351318359375 1918.03173828125 1916.5357666015625 1914.6441650390625 1916.4324951171875 1917.2496337890625 1913.87841796875 1914.4549560546875 1915.774658203125 1914.5042724609375 1913.543701171875 1914.327880859375 1914.7646484375 1913.6143798828125 1911.6397705078125 1910.3289794921875 1910.7110595703125
1914.426513671875 1915.2835693359375 1912.382080078125 1906.228515625 1903.552978515625 1902.7191162109375 1902.2203369140625 1902.427001953125 1908.9466552734375 1906.8765869140625 1906.3756103515625 1909.09521484375 1909.552490234375 1908.736328125 1911.6998291015625 1914.2430419921875 1912.5059814453125 1911.36181640625 1912.96044921875 1916.99072265625 1919.789794921875 1921.115966796875 1921.7867431640625 1921.8648681640625 1919.4154052734375 1916.9906005859375 1917.5179443359375 1917.9879150390625 1917.3636474609375 1917.2451171875 1918.3280029296875 1919.81640625 1920.625732421875 1921.1868896484375 1923.362548828125 1923.2469482421875 1917.6953125 1916.9334716796875 1918.5067138671875 1916.742431640625 1913.724853515625 1913.5592041015625 1913.24462890625 1912.255615234375 1911.3424072265625 1912.1246337890625 1912.8814697265625
1917.582763671875 1917.3985595703125 1916.08837890625 1911.1788330078125 1907.2113037109375 1905.2296142578125 1903.052734375 1904.7518310546875 1915.452392578125 1908.6766357421875 1908.1162109375 1912.1805419921875 1912.681884765625 1912.185546875 1914.9356689453125 1915.913330078125 1912.8861083984375 1912.4464111328125 1913.5078125 1919.459716796875 1921.438720703125 1922.6041259765625 1922.36083984375 1921.912841796875 1919.911865234375 1918.141845703125 1918.1009521484375 1917.59619140625 1916.3687744140625 1916.45556640625 1918.584228515625 1921.8092041015625 1924.1820068359375 1926.2061767578125 1928.872802734375 1927.35888671875 1921.2623291015625 1920.563720703125 1921.698486328125 1919.7001953125 1915.5030517578125 1915.0762939453125 1912.75146484375 1911.01513671875 1912.7811279296875 1915.0728759765625 1916.806884765625
1921.1392822265625 1922.5069580078125 1921.604736328125 1916.8826904296875 1913.48583984375 1909.780517578125 1907.2974853515625 1912.888916015625 1918.778564453125 1914.545654296875 1913.46875 1915.464599609375 1917.365966796875 1917.7559814453125 1919.702392578125 1918.8114013671875 1915.6246337890625 1915.9278564453125 1918.9744873046875 1922.507568359375 1923.4324951171875 1923.4764404296875 1923.304443359375 1923.1461181640625 1920.9796142578125 1918.8232421875 1918.8814697265625 1918.6888427734375 1917.9810791015625 1918.37548828125 1920.7635498046875 1923.7623291015625 1926.406494140625 1929.364013671875 1931.6834716796875 1929.4619140625 1925.72119140625 1923.0770263671875 1921.9459228515625 1920.0177001953125 1918.890380859375 1918.1187744140625 1916.454345703125 1914.0386962890625 1914.7593994140625 1917.351806640625 1919.87451171875
1927.961669921875 1928.91455078125 1926.20947265625 1921.5345458984375 1918.9842529296875 1914.5169677734375 1914.0482177734375 1920.1387939453125 1923.9573974609375 1922.467041015625 1920.2022705078125 1921.552490234375 1922.464111328125 1922.927978515625 1922.415771484375 1921.4412841796875 1919.8502197265625 1920.3671875 1923.205078125 1925.575439453125 1925.192626953125 1925.349609375 1925.242431640625 1924.6973876953125 1922.1700439453125 1920.6201171875 1921.860595703125 1922.8646240234375 1921.4295654296875 1921.4000244140625 1924.02294921875 1926.6844482421875 1927.9171142578125 1929.855712890625 1930.8974609375 1929.2886962890625 1926.7657470703125 1923.5147705078125 1920.147216796875 1919.20947265625 1920.6983642578125 1921.4954833984375 1919.64453125 1916.93017578125 1915.93701171875 1917.063232421875 1916.8128662109375
1931.4559326171875 1931.07470703125 1927.1636962890625 1925.1436767578125 1924.392578125 1921.7940673828125 1920.681884765625 1924.1246337890625 1925.0736083984375 1925.7760009765625 1927.813232421875 1929.2445068359375 1927.8560791015625 1926.3497314453125 1925.4874267578125 1924.8424072265625 1925.0853271484375 1927.6031494140625 1929.1553955078125 1929.153076171875 1927.27734375 1926.624755859375 1927.3343505859375 1925.179931640625 1923.384765625 1923.6435546875 1927.1343994140625 1928.332275390625 1925.8453369140625 1924.5103759765625 1927.316650390625 1928.9874267578125 1928.1768798828125 1928.0750732421875 1927.738037109375 1926.75927734375 1925.408203125 1922.392578125 1918.997314453125 1918.3616943359375 1920.8101806640625 1922.1737060546875 1920.66162109375 1918.1395263671875 1914.87353515625 1913.474609375 1911.5789794921875
1930.53369140625 1927.5406494140625 1923.55029296875 1925.112548828125 1929.277099609375 1928.9251708984375 1926.6024169921875 1929.296630859375 1929.980712890625 1930.08935546875 1933.9461669921875 1936.52685546875 1934.5574951171875 1932.15869140625 1930.759521484375 1930.1302490234375 1933.8675537109375 1936.9879150390625 1936.7857666015625 1933.0601806640625 1929.9906005859375 1927.7127685546875 1926.8509521484375 1924.9920654296875 1924.052978515625 1925.7420654296875 1928.119384765625 1930.1866455078125 1928.9521484375 1927.9580078125 1929.3851318359375 1929.6309814453125 1928.1065673828125 1926.2049560546875 1925.228271484375 1925.394775390625 1925.0355224609375 1922.443603515625 1919.2340087890625 1919.3065185546875 1920.6806640625 1921.9991455078125 1920.0731201171875 1916.0938720703125 1912.873779296875 1909.7352294921875 1908.050048828125
1927.7764892578125 1921.7545166015625 1921.495361328125 1927.061279296875 1932.607177734375 1933.5467529296875 1934.05859375 1935.8416748046875 1935.6732177734375 1936.081298828125 1938.521728515625 1941.1318359375 1942.3953857421875 1941.559814453125 1940.198486328125 1940.009033203125 1942.023193359375 1944.172119140625 1942.086181640625 1937.2247314453125 1932.491943359375 1929.1640625 1927.4393310546875 1925.0208740234375 1923.3984375 1923.7867431640625 1926.613037109375 1929.260009765625 1930.37744140625 1929.796142578125 1929.340087890625 1929.744384765625 1928.6754150390625 1926.059814453125 1925.227783203125 1925.9156494140625 1925.627197265625 1923.6295166015625 1922.334228515625 1922.3712158203125 1923.3197021484375 1922.7489013671875 1919.353515625 1915.469482421875 1912.490234375 1907.8321533203125 1907.2255859375
1927.6263427734375 1923.843505859375 1925.194091796875 1931.1141357421875 1935.9736328125 1939.5887451171875 1941.5694580078125 1942.678466796875 1943.6168212890625 1945.664306640625 1943.9403076171875 1946.1605224609375 1949.2103271484375 1952.4561767578125 1952.5484619140625 1949.6964111328125 1948.98095703125 1947.734619140625 1943.9874267578125 1939.09619140625 1932.4981689453125 1929.7867431640625 1928.83203125 1926.65380859375 1925.05615234375 1925.0909423828125 1926.6055908203125 1929.1063232421875 1931.532958984375 1931.185302734375 1930.470458984375 1930.9345703125 1930.6080322265625 1928.0787353515625 1927.0325927734375 1927.8565673828125 1926.866943359375 1924.9371337890625 1923.5517578125 1923.2974853515625 1924.4620361328125 1922.4132080078125 1916.927978515625 1914.29931640625 1910.9051513671875 1908.09912109375 1905.3780517578125
1934.909912109375 1932.045166015625 1932.6595458984375 1937.850341796875 1943.0784912109375 1947.2730712890625 1949.6883544921875 1950.5452880859375 1954.5245361328125 1955.83935546875 1952.663330078125 1952.2584228515625 1955.599609375 1959.958251953125 1960.91845703125 1956.7685546875 1953.7591552734375 1948.31201171875 1942.286865234375 1939.4364013671875 1934.057373046875 1931.131103515625 1931.0736083984375 1929.7059326171875 1927.4769287109375 1928.1534423828125 1929.5123291015625 1931.2177734375 1932.9302978515625 1933.242919921875 1933.18017578125 1933.347412109375 1931.77197265625 1929.779052734375 1929.6343994140625 1930.1856689453125 1928.786865234375 1924.653076171875 1921.5186767578125 1921.2193603515625 1922.418701171875 1916.707763671875 1912.4298095703125 1910.7764892578125 1909.061767578125 1907.826904296875 1901.080078125
1942.2322998046875 1941.568115234375 1943.15087890625 1948.1083984375 1951.578125 1954.61328125 1957.6197509765625 1959.7049560546875 1963.4981689453125 1964.7384033203125 1961.550537109375 1959.7254638671875 1962.1328125 1963.7755126953125 1966.4693603515625 1962.3427734375 1956.8121337890625 1947.21728515625 1943.65283203125 1941.445068359375 1937.0213623046875 1933.9210205078125 1933.25927734375 1930.60302734375 1929.8834228515625 1932.4378662109375 1935.17236328125 1936.1190185546875 1937.031005859375 1937.0426025390625 1937.3148193359375 1936.6519775390625 1933.7149658203125 1931.3409423828125 1930.759033203125 1931.13232421875 1928.606689453125 1922.4771728515625 1916.7906494140625 1917.480712890625 1917.23828125 1913.9493408203125 1910.6380615234375 1908.662109375 1907.1031494140625 1905.8096923828125 1899.5003662109375
