Forest_LCP_Outputs/slope.asc
ncols        250
nrows        253
xllcorner    -2044817.845419629943
yllcorner    2022214.475814298494
cellsize     26.855736874859
NODATA_value -9999
[rows 133 to 151 of 253, columns 0 to 42 of 250]
-9999 -9999 -9999 -9999 -9999 -9999 -9999 -9999 -9999 -9999 -9999 -9999 -9999 -9999 -9999 -9999 -9999 -9999 -9999 0.0014798709889873862267 0.001638469635508954525 0.001602410338819026947 0.0015146344667300581932 0.0015533375553786754608 0.0015594227006658911705 0.0015987218357622623444 0.0015746640274301171303 0.0014214115217328071594 0.0014807034749537706375 0.0015507162315770983696 0.001483008265495300293 0.0015329699963331222534 0.0014533476205542683601 15.279603004455566406 20.729883193969726562 8.368412017822265625 10.972800254821777344 10.368273735046386719 6.9496989250183105469 5.6230173110961914062 8.4023351669311523438 11.149320602416992188 8.2223072052001953125
-9999 -9999 -9999 -9999 -9999 -9999 -9999 -9999 -9999 -9999 -9999 -9999 -9999 -9999 -9999 -9999 -9999 -9999 0.0015596313169226050377 0.0015554352430626749992 0.0016043002251535654068 0.0015690684085711836815 0.0014477326767519116402 0.0015728593571111559868 0.0016600833041593432426 0.0014769741101190447807 0.0014916518703103065491 0.0014957587700337171555 0.0016036191955208778381 0.0016358975553885102272 0.0015669781714677810669 0.0015217753825709223747 0.0015579540049657225609 22.26354217529296875 19.125886917114257812 5.4555568695068359375 10.214341163635253906 8.2681369781494140625 4.9099607467651367188 7.4395518302917480469 12.923885345458984375 14.458530426025390625 8.9313812255859375
-9999 -9999 -9999 -9999 -9999 -9999 -9999 -9999 -9999 -9999 -9999 -9999 -9999 -9999 -9999 -9999 -9999 -9999 0.0015596313169226050377 0.0016890318365767598152 0.0015524545451626181602 0.0015216461615636944771 0.0015638869954273104668 0.0015676186885684728622 0.0016459055477753281593 0.0015731216408312320709 0.0014630040386691689491 0.0015196334570646286011 0.001569378306157886982 0.0016281032003462314606 0.0015609045512974262238 0.0014404171379283070564 2.8518679141998291016 18.317340850830078125 14.807505607604980469 8.7316389083862304688 11.610933303833007812 8.987438201904296875 4.5142650604248046875 10.054658889770507812 19.22031402587890625 18.889738082885742188 8.6936388015747070312
-9999 -9999 -9999 -9999 -9999 -9999 -9999 -9999 -9999 -9999 -9999 -9999 -9999 -9999 -9999 -9999 -9999 -9999 0.0015668399864807724953 0.0016136256745085120201 0.0015232067089527845383 0.0015008612535893917084 0.0016493852017447352409 0.0015387132298201322556 0.0016349588986486196518 0.0016968115232884883881 0.001574268098920583725 0.0015597876626998186111 0.0016603830736130475998 0.0015482603339478373528 0.001537598087452352047 0.0015579964965581893921 5.3289365768432617188 13.948435783386230469 11.263129234313964844 12.386899948120117188 14.975894927978515625 13.254496574401855469 7.5843367576599121094 15.20388031005859375 23.870494842529296875 16.915704727172851562 9.389129638671875
-9999 -9999 -9999 -9999 -9999 -9999 -9999 -9999 -9999 -9999 -9999 -9999 -9999 -9999 -9999 -9999 -9999 -9999 0.0016171202296391129494 0.0015247492119669914246 0.0015315779019147157669 0.0016862974734976887703 0.0016471958952024579048 0.0016349657671526074409 0.0015589582035318017006 0.0015443020965903997421 0.0015596313169226050377 0.0015754873165860772133 0.0016185927670449018478 0.0015069509390741586685 0.0014939490938559174538 0.0016519875498488545418 7.38928985595703125 12.291093826293945312 7.6705875396728515625 15.007093429565429688 20.097288131713867188 17.6995849609375 14.466570854187011719 23.493068695068359375 25.491971969604492188 12.857486724853515625 15.2614898681640625
-9999 -9999 -9999 -9999 -9999 -9999 -9999 -9999 -9999 -9999 -9999 -9999 -9999 -9999 -9999 -9999 -9999 0.001617045956663787365 0.0015828337054699659348 0.0014622127637267112732 0.0014251482207328081131 0.0017280762549489736557 0.0015128577360883355141 0.0016851901309564709663 0.0015221181092783808708 0.0014711489202454686165 0.0016207410953938961029 0.0015991440741345286369 0.0015297682257369160652 0.0015563373453915119171 0.0015563316410407423973 0.001615926157683134079 9.9508447647094726562 14.105861663818359375 12.719320297241210938 20.833269119262695312 22.837369918823242188 16.17822265625 17.427267074584960938 33.268096923828125 22.783252716064453125 11.27414703369140625 21.574678421020507812
-9999 -9999 -9999 -9999 -9999 -9999 -9999 -9999 -9999 -9999 -9999 -9999 -9999 -9999 -9999 -9999 -9999 0.0015596313169226050377 0.0015152601990848779678 0.0015818156534805893898 0.0017297234153375029564 0.001643255935050547123 0.0015556983416900038719 0.0015437797410413622856 0.0015594996511936187744 0.0015486447373405098915 0.0016172252362594008446 0.0015771420439705252647 0.0014367556432262063026 0.0015638368204236030579 0.05522208288311958313 2.1299839019775390625 11.579094886779785156 16.084913253784179688 17.95159149169921875 23.781421661376953125 18.962024688720703125 9.1968059539794921875 18.069067001342773438 37.844554901123046875 16.762002944946289062 14.561426162719726562 19.753023147583007812
-9999 -9999 -9999 -9999 -9999 -9999 -9999 -9999 -9999 -9999 -9999 -9999 -9999 -9999 -9999 -9999 -9999 0.0015378332464024424553 0.0014188166242092847824 0.0015570448013022542 0.0016165967099368572235 0.001595180947333574295 0.001601060270331799984 0.0014486025320366024971 0.001541775302030146122 0.0016626878641545772552 0.0015572819393128156662 0.0015349522000178694725 0.0015561557374894618988 0.0015728883445262908936 0.46705722808837890625 4.4803366661071777344 13.144176483154296875 18.693872451782226562 22.287176132202148438 23.08837127685546875 9.4960927963256835938 7.5907254219055175781 18.837123870849609375 25.629873275756835938 15.741217613220214844 16.871824264526367188 17.467149734497070312
-9999 -9999 -9999 -9999 -9999 -9999 -9999 -9999 -9999 -9999 -9999 -9999 -9999 -9999 -9999 -9999 -9999 0.0014923429116606712341 0.0015265925321727991104 0.0016810139641165733337 0.0016183236148208379745 0.0015540996100753545761 0.001545018516480922699 0.0015429743798449635506 0.0015678284689784049988 0.0016336357221007347107 0.0015225395327433943748 0.0014735353179275989532 0.0016304408200085163116 0.0015520955203101038933 1.3542519807815551758 6.8162679672241210938 15.5446319580078125 22.036634445190429688 23.567342758178710938 17.87581634521484375 6.4379620552062988281 14.818837165832519531 17.027845382690429688 13.91241455078125 11.919416427612304688 15.2621612548828125 16.398956298828125
-9999 -9999 -9999 -9999 -9999 -9999 -9999 -9999 -9999 -9999 -9999 -9999 -9999 -9999 -9999 -9999 0.0014889973681420087814 0.0014180735452100634575 0.0015514082042500376701 0.0016316472319886088371 0.001663913484662771225 0.0015398763353005051613 0.0014521348057314753532 0.0016017250018194317818 0.0016107782721519470215 0.0015372227644547820091 0.0015489839715883135796 0.0016571179730817675591 0.0016574272885918617249 0.0015207255491986870766 2.9712212085723876953 11.064639091491699219 18.872833251953125 22.608011245727539062 21.070268630981445312 11.755213737487792969 9.164093017578125 17.548603057861328125 14.28714752197265625 6.6096048355102539062 7.1237230300903320312 13.732776641845703125 14.729113578796386719
-9999 -9999 -9999 -9999 -9999 -9999 -9999 -9999 -9999 -9999 -9999 -9999 -9999 -9999 -9999 -9999 0.0017240832094103097916 0.0015395187074318528175 0.0015780825633555650711 0.0016142717795446515083 0.0015490544028580188751 0.0015587086090818047523 0.0015430588973686099052 0.0016077554319053888321 0.0015939966542646288872 0.0014539076946675777435 0.0014280955074355006218 0.0017281760228797793388 0.0015203495277091860771 0.88638317584991455078 7.179355621337890625 14.602079391479492188 19.011049270629882812 21.9195098876953125 18.0918426513671875 7.1217284202575683594 9.4920711517333984375 19.216157913208007812 12.877771377563476562 4.2835631370544433594 10.172327041625976562 15.10245513916015625 12.915280342102050781
-9999 -9999 -9999 -9999 -9999 -9999 -9999 -9999 -9999 -9999 -9999 -9999 -9999 -9999 -9999 -9999 0.0015725387493148446083 0.0015596313169226050377 0.0016014719149097800255 0.0016204299172386527061 0.0014679221203550696373 0.0015243284869939088821 0.0016454850556328892708 0.0015667311381548643112 0.0015335798962041735649 0.0015718317590653896332 0.0016997468192130327225 0.0016464925138279795647 0.0015304728876799345016 3.8318014144897460938 12.12790679931640625 15.145069122314453125 18.263910293579101562 22.147706985473632812 14.605226516723632812 2.0222265720367431641 8.3971233367919921875 17.3954620361328125 13.616116523742675781 7.0869297981262207031 10.506137847900390625 16.281948089599609375 12.894533157348632812
-9999 -9999 -9999 -9999 -9999 -9999 -9999 -9999 -9999 -9999 -9999 -9999 -9999 -9999 -9999 -9999 0.0015596313169226050377 0.0016180030070245265961 0.0015740642556920647621 0.0015487297205254435539 0.0015419576084241271019 0.0015595612348988652229 0.0016511523863300681114 0.0015416837995871901512 0.001410398632287979126 0.0015549313975498080254 0.0016469147522002458572 0.001609820174053311348 0.0016156255733221769333 8.4336500167846679688 16.524921417236328125 14.113827705383300781 17.793203353881835938 21.455501556396484375 10.873361587524414062 2.5911858081817626953 7.9902462959289550781 12.947232246398925781 11.140186309814453125 9.4483118057250976562 13.715064048767089844 19.006214141845703125 13.245503425598144531
-9999 -9999 -9999 -9999 -9999 -9999 -9999 -9999 -9999 -9999 -9999 -9999 -9999 -9999 -9999 0.0015596313169226050377 0.0015596313169226050377 0.0016642557457089424133 0.0015581659972667694092 0.001433667261153459549 0.001583336968906223774 0.0016019351314753293991 0.0015326973516494035721 0.0015128820668905973434 0.0015039757126942276955 0.0016635488718748092651 0.0015984677011147141457 0.0015449656639248132706 0.001559930853545665741 13.541172981262207031 18.9592742919921875 13.888338088989257812 17.548635482788085938 17.164686203002929688 6.9881801605224609375 3.5341341495513916016 7.775447845458984375 9.3293704986572265625 4.056438446044921875 7.9801435470581054688 16.248987197875976562 19.7203826904296875 10.429558753967285156
-9999 -9999 -9999 -9999 -9999 -9999 -9999 -9999 -9999 -9999 -9999 -9999 -9999 -9999 -9999 0.0015622243518009781837 0.0016227477462962269783 0.0015537900617346167564 0.0015584544744342565536 0.0015369358006864786148 0.0015976681606844067574 0.0016036315355449914932 0.0014540286501869559288 0.0014207836939021945 0.0015480566071346402168 0.0016485267551615834236 0.0016904089134186506271 0.0015448224730789661407 2.3775017261505126953 14.836737632751464844 18.011400222778320312 15.157588005065917969 18.13863372802734375 14.294939041137695312 4.7643532752990722656 5.2274084091186523438 8.114765167236328125 8.002079010009765625 2.5439205169677734375 7.7789831161499023438 14.417652130126953125 11.429883003234863281 6.1991176605224609375
-9999 -9999 -9999 -9999 -9999 -9999 -9999 -9999 -9999 -9999 -9999 -9999 -9999 -9999 -9999 0.0015888693742454051971 0.0016404176130890846252 0.001487771281972527504 0.0015074266120791435242 0.0016289086779579520226 0.0015349374152719974518 0.001736155129037797451 0.0017230336088687181473 0.0015216680476441979408 0.0015698780771344900131 0.0016014776192605495453 0.0015559432795271277428 0.0015519199660047888756 4.0548949241638183594 14.166480064392089844 18.27629852294921875 18.330257415771484375 19.807544708251953125 12.359632492065429688 4.1863913536071777344 7.0948548316955566406 8.1355037689208984375 6.8390755653381347656 4.8139705657958984375 8.220249176025390625 13.405063629150390625 11.547105789184570312 8.052066802978515625
-9999 -9999 -9999 -9999 -9999 -9999 -9999 -9999 -9999 -9999 -9999 -9999 -9999 -9999 -9999 0.0015807306626811623573 0.0015519036678597331047 0.0015432649524882435799 0.0015518759610131382942 0.0016547975828871130943 0.0015037088887766003609 0.0015604613581672310829 0.001589846448041498661 0.0015596313169226050377 0.0016048181569203734398 0.0016380860470235347748 0.0014795358292758464813 0.0015238344203680753708 4.3639464378356933594 12.460214614868164062 21.640178680419921875 24.30017852783203125 20.968719482421875 11.520682334899902344 5.7989773750305175781 9.292743682861328125 10.909907341003417969 9.7607660293579101562 6.9520854949951171875 5.5394730567932128906 8.2179698944091796875 9.273647308349609375 7.4186053276062011719
-9999 -9999 -9999 -9999 -9999 -9999 -9999 -9999 -9999 -9999 -9999 -9999 -9999 -9999 0.0016753720119595527649 0.0015797277446836233139 0.001427091541700065136 0.0015655780443921685219 0.0016226116567850112915 0.0015731779858469963074 0.0017782623181119561195 0.001646243734285235405 0.0015596313169226050377 0.0016009510727599263191 0.0015701163792982697487 0.0015609087422490119934 0.0015275338664650917053 0.0015558463055640459061 6.3604583740234375 11.175471305847167969 21.7331695556640625 27.83173370361328125 21.224687576293945312 10.391064643859863281 6.54058837890625 8.886753082275390625 11.025224685668945312 11.640263557434082031 9.1617136001586914062 3.723903656005859375 3.0748465061187744141 5.8120408058166503906 5.1626729965209960938
-9999 -9999 -9999 -9999 -9999 -9999 -9999 -9999 -9999 -9999 -9999 -9999 -9999 -9999 0.0015579861355945467949 0.0015587381785735487938 0.0015302745159715414047 0.0016177381621673703194 0.0016823121113702654839 0.0015187023673206567764 0.0015839901752769947052 0.0015778227243572473526 0.0015596313169226050377 0.0016764400061219930649 0.0015667541883885860443 0.0014434675686061382294 0.05495451018214225769 2.5058348178863525391 10.874576568603515625 14.622677803039550781 23.612462997436523438 29.2587127685546875 19.850923538208007812 8.1478796005249023438 4.6359386444091796875 5.2866263389587402344 7.1060748100280761719 10.066117286682128906 9.5132923126220703125 4.5913805961608886719 2.7254264354705810547 4.3227357864379882812 4.7055029869079589844
