Forest_LCP_Outputs/slope.asc
ncols        250
nrows        253
xllcorner    -2044817.845419629943
yllcorner    2022214.475814298494
cellsize     26.855736874859
NODATA_value -9999
[rows 38 to 56 of 253, columns 129 to 171 of 250]
0.0014130884082987904549 0.0014108084142208099365 0.0012883109739050269127 0.0013853269629180431366 0.0014154501259326934814 0.0012515929993242025375 0.0013256685342639684677 0.0014567163307219743729 0.0013035621959716081619 0.0013421722687780857086 0.0013875435106456279755 0.0013524474343284964561 0.0013904630905017256737 0.0013724557356908917427 0.0014058452798053622246 0.0015003492590039968491 0.0014107768656685948372 0.001339807058684527874 0.0012771781766787171364 0.0014115119120106101036 0.0013628163142129778862 0.0012942429166287183762 0.0013647805899381637573 0.0013796823332086205482 0.0013686828315258026123 0.0014056169893592596054 0.001350108184851706028 0.0014150958741083741188 0.0012590592959895730019 0.0014111895579844713211 0.0013699702685698866844 0.0012690739240497350693 0.0013281935825943946838 0.0013773206155747175217 0.0012974991695955395699 0.0013231715420261025429 0.0012614086735993623734 0.0013795661507174372673 0.001247888198122382164 0.0014116222737357020378 0.0013867212692275643349 0.0012581355404108762741 0.0013163635740056633949
0.0014243958285078406334 0.0013238292885944247246 0.0012687625130638480186 0.001415724167600274086 0.001401501242071390152 0.0012995951110497117043 0.0013663681456819176674 0.0013822466135025024414 0.0013814481208100914955 0.0014114059740677475929 0.0013354824623093008995 0.0014020551461726427078 0.0014154660748317837715 0.001271460438147187233 0.0014023615512996912003 0.0013701884308829903603 0.0013324252795428037643 0.0012959153391420841217 0.0013360832817852497101 0.0014115474186837673187 0.0013175585772842168808 0.0013785026967525482178 0.0014125766465440392494 0.0012951426906511187553 0.0013384849298745393753 0.0013985683908686041832 0.001272265799343585968 0.0013513824669644236565 0.0012650993885472416878 0.001361666480079293251 0.0013588694855570793152 0.0013618562370538711548 0.0013208604650571942329 0.0013052435824647545815 0.0013482659123837947845 0.0014153248630464076996 0.0012506282655522227287 0.0013038519537076354027 0.0012644714443013072014 0.0013634958304464817047 0.0013601498212665319443 0.0013345103943720459938 0.0013249766780063509941
0.0014037493383511900902 0.0013102164957672357559 0.0013179420493543148041 0.0014676736900582909584 0.0013918906915932893753 0.0013523399829864501953 0.0014155869139358401299 0.0012949035735800862312 0.0013777974527329206467 0.0015032981755211949348 0.0012488828506320714951 0.0013613098999485373497 0.0013866777298972010612 0.0012797438539564609528 0.0013426976511254906654 0.0013232259079813957214 0.0013612092006951570511 0.0014026433927938342094 0.0014036172069609165192 0.0014125957386568188667 0.0012575763976201415062 0.0014137482503429055214 0.0013971645385026931763 0.0012492396635934710503 0.0013099336065351963043 0.0013725614408031105995 0.0012750206515192985535 0.0012877188855782151222 0.0012543034972622990608 0.0013687623431906104088 0.0014085539150983095169 0.0013921781210228800774 0.0013594363117590546608 0.0012633102014660835266 0.0014131405623629689217 0.0013703594449907541275 0.0012580949114635586739 0.0012657052138820290565 0.001254755072295665741 0.0013523818925023078918 0.0013980214716866612434 0.0014001642121002078056 0.0013487978139892220497
0.0014139885315671563148 0.0013282279251143336296 0.0013474737061187624931 0.0015285925474017858505 0.0013242753921076655388 0.0013891707640141248703 0.0014154752716422080994 0.0012541946489363908768 0.0013239994877949357033 0.0014489369932562112808 0.0012954318663105368614 0.0013281893916428089142 0.0013871579430997371674 0.0013598531950265169144 0.0013942617224529385567 0.0013708695769309997559 0.0014072328340262174606 0.0014976948732510209084 0.0014112348435446619987 0.0013947495026513934135 0.0012711669551208615303 0.00139578990638256073 0.0013598619261756539345 0.0013007723027840256691 0.0013711471110582351685 0.0013768704375252127647 0.00130583194550126791 0.001350813661701977253 0.001252990448847413063 0.0013738713460043072701 0.0013988403370603919029 0.0013175059575587511063 0.0013657672097906470299 0.0012821822892874479294 0.0013883593492209911346 0.0013361792080104351044 0.0013282136060297489166 0.0013473171275109052658 0.0012607780518010258675 0.0013774763792753219604 0.0014136375393718481064 0.0013244707370176911354 0.0013825346250087022781
0.0013684908626601099968 0.0012744264677166938782 0.0013894211733713746071 0.001484724460169672966 0.0012743895640596747398 0.0014182443264871835709 0.0014022672548890113831 0.0013055155286565423012 0.0013731899671256542206 0.0013765640323981642723 0.0013338727876543998718 0.0013905013911426067352 0.0013266847236081957817 0.0013446463271975517273 0.0014133309014141559601 0.0012677810154855251312 0.0013898615725338459015 0.0013550072908401489258 0.0013571432791650295258 0.0013676880626007914543 0.0012845179298892617226 0.0013645227300003170967 0.0013124543474987149239 0.0013815779238939285278 0.0014563938602805137634 0.0012850713683292269707 0.0013748991768807172775 0.0014582747826352715492 0.0012517124414443969727 0.0013296342222020030022 0.0013535229954868555069 0.001291667926125228405 0.0013379517477005720139 0.0013011347036808729172 0.0013820087770000100136 0.0012823875294998288155 0.0014060133835300803185 0.0014111319324001669884 0.0012509493390098214149 0.0013297512196004390717 0.0013653838541358709335 0.0012794653885066509247 0.0013103162636980414391
0.0013009902322664856911 0.0012771273031830787659 0.0014125476591289043427 0.0013760845176875591278 0.0013205129653215408325 0.0014744972577318549156 0.0013890617992728948593 0.0013553090393543243408 0.0014775238232687115669 0.0012983361957594752312 0.0013639781391248106956 0.0015070977387949824333 0.00124729890376329422 0.0012907745549455285072 0.0013853126438334584236 0.0012757102958858013153 0.0012920737499371170998 0.0012561205076053738594 0.0013442652998492121696 0.0014009972801432013512 0.0013642250560224056244 0.0014036201173439621925 0.0012534932466223835945 0.0014193201204761862755 0.0015090515371412038803 0.0012655550381168723106 0.0013895782176405191422 0.0014242533361539244652 0.001287140650674700737 0.0013563351240009069443 0.0013698898255825042725 0.0013447187375277280807 0.0014037583023309707642 0.0013659204123541712761 0.0014072543708607554436 0.0012673537712544202805 0.0014129201881587505341 0.0013634801143780350685 0.0012579287867993116379 0.0013355914270505309105 0.0013669265899807214737 0.0012771511683240532875 0.0013012127019464969635
0.0013928420376032590866 0.0013858083402737975121 0.0014140557032078504562 0.0013242868008092045784 0.0013506588293239474297 0.0015290767187252640724 0.0013161909300833940506 0.0013929866254329681396 0.0015359357930719852448 0.0012592378770932555199 0.0013485247036442160606 0.0014419058570638298988 0.0013195900246500968933 0.0013479646295309066772 0.0013867914676666259766 0.0013587119756266474724 0.0013498425250872969627 0.0012655808823183178902 0.0013943213270977139473 0.0014155344106256961823 0.0013157941866666078568 0.0013905342202633619308 0.0012716023484244942665 0.0013992873718962073326 0.0013784784823656082153 0.0013048361288383603096 0.0013427854282781481743 0.0013615168863907456398 0.0013808069052174687386 0.0014081776607781648636 0.0013272364158183336258 0.0013685408048331737518 0.0013943087542429566383 0.001310911029577255249 0.0013615733478218317032 0.0012812912464141845703 0.0013842592015862464905 0.0013315201504155993462 0.0013309719506651163101 0.0013254446676000952721 0.0013407674850896000862 0.0013190073659643530846 0.0013859719038009643555
0.0014612313825637102127 0.0014439893420785665512 0.0013609073357656598091 0.0012693896424025297165 0.0013934369198977947235 0.0014762550126761198044 0.0012592978309839963913 0.001411121920682489872 0.0013904306106269359589 0.0013147093122825026512 0.0013885505031794309616 0.0013704940211027860641 0.0013908550608903169632 0.0014092439087107777596 0.0013156714849174022675 0.0014045226853340864182 0.0014759780606254935265 0.0012548648519441485405 0.0013975163456052541733 0.0013735344400629401207 0.0012814304791390895844 0.0013429408427327871323 0.0012904832838103175163 0.0013664077268913388252 0.0013676706003025174141 0.0013966012047603726387 0.0013166969874873757362 0.0012696041958406567574 0.0014152911026030778885 0.0013901590136811137199 0.0012518735602498054504 0.0013277620309963822365 0.0013523187953978776932 0.0012769595487043261528 0.0012917921412736177444 0.0012507481733337044716 0.0013781562447547912598 0.0013787492644041776657 0.0014129020273685455322 0.0013189900200814008713 0.0012738190125674009323 0.0013997685164213180542 0.0013612052425742149353
0.0013753079110756516457 0.001338253263384103775 0.0013015123549848794937 0.0012871645158156752586 0.0014128588372841477394 0.0013924960512667894363 0.0013531402219086885452 0.0014129645423963665962 0.0013257279060781002045 0.001358371460810303688 0.0014864337863400578499 0.0012919349828734993935 0.00139893312007188797 0.0014155808603391051292 0.0012517378199845552444 0.0013640339020639657974 0.001455248100683093071 0.001272978377528488636 0.0013497918844223022461 0.0013729690108448266983 0.0013299171114340424538 0.001382079441100358963 0.0013675843365490436554 0.001406483934260904789 0.0014155142707750201225 0.0013592935865744948387 0.0013721274444833397865 0.0012845889432355761528 0.0014125634916126728058 0.001342503703199326992 0.0012731513706967234612 0.0013468920951709151268 0.0013707533944398164749 0.0012811672640964388847 0.0013283359585329890251 0.0012481680605560541153 0.0014016679488122463226 0.0013994101900607347488 0.0013532957527786493301 0.0013592439936473965645 0.00130283343605697155 0.0014079940738156437874 0.0013135570334270596504
0.0013324157334864139557 0.0013280248967930674553 0.0014018926303833723068 0.0013968803687021136284 0.0014141420833766460419 0.0014499893877655267715 0.00142815406434237957 0.0013960110954940319061 0.0012751139001920819283 0.0013967743143439292908 0.0015290317824110388756 0.0012613980798050761223 0.0014110151678323745728 0.0013768179342150688171 0.0012899533612653613091 0.0013556535122916102409 0.0013924165396019816399 0.0013105601537972688675 0.0013750148937106132507 0.0013510988792404532433 0.0013709823833778500557 0.0014153085649013519287 0.0013096916954964399338 0.0014155869139358401299 0.0013710816856473684311 0.0013052906142547726631 0.0013409988023340702057 0.0012788140447810292244 0.0013810367090627551079 0.0013349192449823021889 0.001370699610561132431 0.0013087895931676030159 0.0013156678760424256325 0.0013469873229041695595 0.0013820512685924768448 0.0012607426615431904793 0.0013590300222858786583 0.0013421422336250543594 0.0013015017611905932426 0.0013028818648308515549 0.0012732694158330559731 0.0013899810146540403366 0.0013354603433981537819
0.0014500129036605358124 0.0014072770718485116959 0.0014609096106141805649 0.0014439462684094905853 0.0014146048342809081078 0.0014445045962929725647 0.001387381809763610363 0.0013000115286558866501 0.0012634742306545376778 0.0014113960787653923035 0.0013858788879588246346 0.0013233781792223453522 0.0014118402032181620598 0.0013310237554833292961 0.0013644844293594360352 0.0014429341536015272141 0.0013083097292110323906 0.0013610095484182238579 0.0014149006456136703491 0.0012503194157034158707 0.0013181644026190042496 0.0013713735388591885567 0.0012730685994029045105 0.0013763455208390951157 0.0013469138648360967636 0.0013047526590526103973 0.0013504734961315989494 0.0013334226096048951149 0.0014010634040459990501 0.0013984567485749721527 0.0013993758475407958031 0.0013307027984410524368 0.0012902287999168038368 0.001412095269188284874 0.0013402301119640469551 0.0012559320311993360519 0.0013587850844487547874 0.0013419943861663341522 0.0012717038625851273537 0.001291982247494161129 0.0012466848129406571388 0.0014119907282292842865 0.0014054990606382489204
0.0013975223992019891739 0.0014080111868679523468 0.0013617908116430044174 0.0013279612176120281219 0.0014101008418947458267 0.0013111296575516462326 0.0013129961444064974785 0.0013467693934217095375 0.0013606178108602762222 0.0014130858471617102623 0.0014136608224362134933 0.0014010837767273187637 0.0014130406780168414116 0.001273456960916519165 0.001401258399710059166 0.0015444551827386021614 0.0012636405881494283676 0.0014123889850452542305 0.0013716734247282147408 0.0012661585351452231407 0.0013373421970754861832 0.0013753225794062018394 0.0012842068681493401527 0.0013753238599747419357 0.0013698037946596741676 0.0013714840169996023178 0.0014150146162137389183 0.0013533845776692032814 0.0014151189243420958519 0.0013780053704977035522 0.0013472072314471006393 0.0013383149635046720505 0.0013032525312155485153 0.0014010706217959523201 0.001300720730796456337 0.0013273300137370824814 0.0013385846978053450584 0.0013543618842959403992 0.0013061340432614088058 0.0013516639592126011848 0.0012730109738186001778 0.0013828034279868006706 0.0013463455252349376678
0.0012966964859515428543 0.0014087914023548364639 0.0013406111393123865128 0.0013370848027989268303 0.0014198101125657558441 0.0013937704497948288918 0.0013835361460223793983 0.0014559194678440690041 0.0014311802806332707405 0.0014145680470392107964 0.0014875737251713871956 0.0014166642213240265846 0.001336313900537788868 0.0012654957827180624008 0.0014168812194839119911 0.0014078593812882900238 0.0013104596873745322227 0.0014116545207798480988 0.0013350537046790122986 0.0013451310805976390839 0.0013998915674164891243 0.0013425779761746525764 0.001332706306129693985 0.0014129602350294589996 0.0012913530226796865463 0.0013550418661907315254 0.001366886775940656662 0.0012966727372258901596 0.0014033444458618760109 0.0013225651346147060394 0.0012979072052985429764 0.0012847537873312830925 0.0012597771128639578819 0.0013996714260429143906 0.0013516827020794153214 0.0014069012831896543503 0.0012935675913468003273 0.0013035422889515757561 0.0013927018735557794571 0.0013379686279222369194 0.0012587418314069509506 0.0013675084337592124939 0.0013070090208202600479
0.0013732640072703361511 0.0014134086668491363525 0.0013845908688381314278 0.0013871809933334589005 0.0014605413889512419701 0.0014387276023626327515 0.0014146127505227923393 0.0014323518844321370125 0.0013758396962657570839 0.0014114864170551300049 0.0013555060140788555145 0.0013282331638038158417 0.0013029737165197730064 0.0013316259719431400299 0.0014119572006165981293 0.0013722401345148682594 0.0013839182211086153984 0.0014115228550508618355 0.0012770544271916151047 0.0014059992972761392593 0.001508414512500166893 0.0012660982320085167885 0.0014046797296032309532 0.0013649645261466503143 0.0012522371252998709679 0.0013382557081058621407 0.0013493611477315425873 0.0012746200663968920708 0.0013855806319043040276 0.0013498157495632767677 0.0013174666091799736023 0.0013161778915673494339 0.0012629851698875427246 0.001413420424796640873 0.0013905074447393417358 0.0013767442433163523674 0.0013267073081806302071 0.001330507802776992321 0.0014139470877125859261 0.0012903203023597598076 0.0012907390482723712921 0.0013809746596962213516 0.0013532387092709541321
0.0013637730153277516365 0.0014155869139358401299 0.0012993422569707036018 0.0013657010858878493309 0.0013493667356669902802 0.0013180394889786839485 0.0014076142106205224991 0.0013080945936962962151 0.0013220970286056399345 0.0013939151540398597717 0.0013344120234251022339 0.0013606081483885645866 0.0013969986466690897942 0.0013931904686614871025 0.0014132463838905096054 0.0014730863040313124657 0.0014153663069009780884 0.0014077454106882214546 0.0012667558621615171432 0.0014308433746919035912 0.0014400727814063429832 0.0013119970681145787239 0.0014123703585937619209 0.0013173077022656798363 0.0013038479955866932869 0.0013428346719592809677 0.0013616315554827451706 0.0012902937596663832664 0.0014123691944405436516 0.0013441430637612938881 0.0014199642464518547058 0.0013660722179338335991 0.0012767503503710031509 0.0013789035147055983543 0.0013188916491344571114 0.0013355599949136376381 0.0012870652135461568832 0.0012959918240085244179 0.0014060186222195625305 0.0013082186924293637276 0.0013846035581082105637 0.0012983261840417981148 0.0013276204699650406837
0.0013283177977427840233 0.0014574349625036120415 0.0013158874353393912315 0.0013315154938027262688 0.0013488074764609336853 0.0013457498280331492424 0.0014109181938692927361 0.0013806817587465047836 0.0013869878603145480156 0.0014142005238682031631 0.0013673140201717615128 0.0014032883336767554283 0.0014153962256386876106 0.0013108489802107214928 0.001414900878444314003 0.0014328408287838101387 0.0013857304584234952927 0.0013646734878420829773 0.0012734691845253109932 0.0013737161643803119659 0.0013470387784764170647 0.0013686937745660543442 0.0014110396150499582291 0.0013478943146765232086 0.0014107244787737727165 0.0012982866028323769569 0.0012938185827806591988 0.0013782203895971179008 0.0013627011794596910477 0.0012908020289614796638 0.0014495404902845621109 0.0013633026974275708199 0.0012575197033584117889 0.0013806970091536641121 0.0013100015930831432343 0.0012789121828973293304 0.0012735443888232111931 0.0012666757684201002121 0.0014118147082626819611 0.001393393147736787796 0.0013914064038544893265 0.0013002211926504969597 0.0013412248808890581131
0.0013519308995455503464 0.0015047603519633412361 0.0014451806200668215752 0.0013853992568328976631 0.0013791476376354694366 0.0013868182431906461716 0.0014152394142001867294 0.001326702069491147995 0.0013950067805126309395 0.0014155869139358401299 0.0012572883861139416695 0.0013933457667008042336 0.0013901924248784780502 0.001270924578420817852 0.0013479946646839380264 0.001306508784182369709 0.0013552200980484485626 0.0013753712410107254982 0.0013282155850902199745 0.0013875402510166168213 0.0013963087694719433784 0.0014047297881916165352 0.0014168734196573495865 0.0014684058260172605515 0.001411907607689499855 0.0013413117267191410065 0.0013136889319866895676 0.0014135690871626138687 0.0013150477316230535507 0.0012824356090277433395 0.0014027935685589909554 0.001362246926873922348 0.0013257334940135478973 0.0014128178590908646584 0.0013518535997718572617 0.0013022791827097535133 0.0013231993652880191803 0.0012928093783557415009 0.0013983071548864245415 0.0013348633656278252602 0.0013798119034618139267 0.0012861581053584814072 0.0013337072450667619705
0.0014142442960292100906 0.0013756832340732216835 0.0013822530163452029228 0.0014155869139358401299 0.0012946749338880181313 0.0013545885449275374413 0.0014138623373582959175 0.0012489482760429382324 0.0013405208010226488113 0.0013966448605060577393 0.0012798574753105640411 0.0013409228995442390442 0.0013819350861012935638 0.001329750637523829937 0.0013767882483080029488 0.0013709078775718808174 0.0014015460619702935219 0.0014151539653539657593 0.0013535583857446908951 0.0014148622285574674606 0.0013953793095424771309 0.0013380467426031827927 0.0014149802736937999725 0.001414448954164981842 0.0013993908651173114777 0.0013170794118195772171 0.0012962655164301395416 0.0013970431173220276833 0.0013048039982095360756 0.0013795447302982211113 0.0013062763027846813202 0.0013394629349932074547 0.0014319464098662137985 0.0013916417956352233887 0.0013263862347230315208 0.0013894941657781600952 0.0013147231657058000565 0.0012682268861681222916 0.0013896015007048845291 0.0012727805878967046738 0.0013205144787207245827 0.0012613851577043533325 0.001279702293686568737
0.0014053286286070942879 0.0012983678607270121574 0.0013064983068034052849 0.0014088504249230027199 0.0012895839754492044449 0.0013076771283522248268 0.0014043778646737337112 0.00133014703169465065 0.001347056124359369278 0.0013898242032155394554 0.0013668606989085674286 0.001390423160046339035 0.001356696360744535923 0.0013684035511687397957 0.0014116499805822968483 0.0012982296757400035858 0.0014155869139358401299 0.0013874000869691371918 0.0012879505520686507225 0.001403165631927549839 0.00134167505893856287 0.0012909952783957123756 0.0012966997455805540085 0.0012720287777483463287 0.0013852234696969389915 0.0013533054152503609657 0.0013220215914770960808 0.0014103023568168282509 0.0013897286262363195419 0.0013995487242937088013 0.0013065640814602375031 0.0013173071201890707016 0.001505585620179772377 0.0013723726151511073112 0.0013609434245154261589 0.0014147826004773378372 0.0012670747237280011177 0.0012801124248653650284 0.0014029224403202533722 0.001328805927187204361 0.0012821117416024208069 0.0012957550352439284325 0.0013093601446598768234
