Forest_LCP_Outputs/slope.asc
ncols        250
nrows        253
xllcorner    -2044817.845419629943
yllcorner    2022214.475814298494
cellsize     26.855736874859
NODATA_value -9999
[rows 57 to 75 of 253, columns 86 to 128 of 250]
27.7934112548828125 17.418292999267578125 8.933765411376953125 4.7925000190734863281 3.2660503387451171875 3.4382956027984619141 3.6481242179870605469 2.9671826362609863281 2.4326195716857910156 3.9517803192138671875 5.7348880767822265625 6.9826707839965820312 7.3571519851684570312 8.2353963851928710938 6.2783036231994628906 4.7322797775268554688 4.9388294219970703125 6.5246305465698242188 9.8953800201416015625 11.439483642578125 11.943428993225097656 13.241461753845214844 13.899609565734863281 12.637167930603027344 9.9145793914794921875 7.6492457389831542969 5.2430295944213867188 2.5596561431884765625 0.43234851956367492676 0.0014699785970151424408 0.0014343204675242304802 0.0014149893540889024734 0.001453065779060125351 0.0013832797994837164879 0.0014159573474898934364 0.0013822367182001471519 0.0012796446681022644043 0.0014091354096308350563 0.0013631437905132770538 0.0012794004287570714951 0.0013852592092007398605 0.0013344291364774107933 0.0012950670206919312477
22.68466949462890625 18.252880096435546875 11.04460906982421875 5.9970293045043945312 4.0705494880676269531 5.0887942314147949219 5.8057661056518554688 3.9692997932434082031 2.7883448600769042969 3.5148165225982666016 4.2883610725402832031 4.3768601417541503906 6.2211356163024902344 8.6846532821655273438 5.5879216194152832031 3.1872975826263427734 2.6986429691314697266 1.6373575925827026367 4.4780774116516113281 6.088596343994140625 5.7603883743286132812 8.3418216705322265625 10.160318374633789062 10.635372161865234375 10.442384719848632812 11.769557952880859375 11.684836387634277344 7.7111153602600097656 1.908298492431640625 0.0013612362090498209 0.0013289545895531773567 0.0014003001851961016655 0.0013106769183650612831 0.0013318773126229643822 0.0014459536178037524223 0.0014362024376168847084 0.0013348914217203855515 0.0014518856769427657127 0.001468733535148203373 0.001350506441667675972 0.0014083611313253641129 0.0013573854230344295502 0.0013864943757653236389
17.675968170166015625 18.279327392578125 13.263536453247070312 6.6031351089477539062 4.7180342674255371094 6.30692291259765625 6.5461635589599609375 5.065181732177734375 5.3503966331481933594 3.4757421016693115234 2.9570286273956298828 2.9762220382690429688 4.6023225784301757812 8.3580732345581054688 5.98270416259765625 3.1355166435241699219 2.9205660820007324219 3.5546784400939941406 5.7189083099365234375 6.5118732452392578125 4.8548297882080078125 5.1555428504943847656 7.2919096946716308594 7.1150255203247070312 7.7275476455688476562 9.1481771469116210938 12.394025802612304688 13.013367652893066406 7.92879486083984375 5.9843902587890625 4.02179718017578125 2.2095491886138916016 1.0681719779968261719 0.0013873440911993384361 0.0014639903092756867409 0.001465681358240544796 0.0014094896614551544189 0.0014498202363029122353 0.0013832037802785634995 0.0014779994962736964226 0.0014131999341771006584 0.0013096067123115062714 0.0014516722876578569412
9.9623861312866210938 16.368837356567382812 15.399697303771972656 7.6609950065612792969 5.5969972610473632812 6.4805240631103515625 5.6552028656005859375 6.1036419868469238281 7.0589156150817871094 5.8531889915466308594 6.5445880889892578125 5.894802093505859375 3.1409385204315185547 6.3014359474182128906 6.5508503913879394531 4.736721038818359375 4.3569316864013671875 6.960247039794921875 9.6970205307006835938 8.6116275787353515625 7.3003644943237304688 7.1000599861145019531 7.3534221649169921875 5.0351963043212890625 6.8692030906677246094 6.2088999748229980469 8.57299041748046875 11.512223243713378906 9.3946390151977539062 9.1458330154418945312 8.6988134384155273438 7.8864927291870117188 7.2691483497619628906 7.0235447883605957031 5.7646040916442871094 2.5547544956207275391 0.39504134654998779297 0.0013780092122033238411 0.0012984630884602665901 0.001478613005019724369 0.0013963052770122885704 0.0012851030332967638969 0.0014276715228334069252
5.9023146629333496094 11.676517486572265625 15.09332275390625 9.9446163177490234375 8.6045351028442382812 9.2207183837890625 8.1744832992553710938 9.7343568801879882812 11.7137451171875 13.120368003845214844 12.133695602416992188 9.7936410903930664062 5.320648193359375 3.6718080043792724609 5.975742340087890625 5.2492737770080566406 5.6857519149780273438 8.250553131103515625 7.8034090995788574219 4.7200522422790527344 4.8363361358642578125 5.5835084915161132812 5.3889956474304199219 4.256866455078125 7.0034928321838378906 8.4993181228637695312 9.1054840087890625 9.212505340576171875 6.8627023696899414062 6.0178942680358886719 7.3921952247619628906 9.3841485977172851562 11.006682395935058594 13.997401237487792969 13.991263389587402344 9.0699491500854492188 1.9811367988586425781 0.0013710008934140205383 0.0013058938784524798393 0.0013947248226031661034 0.0013776533305644989014 0.0014188790228217840195 0.0014142559375613927841
7.8125214576721191406 10.96160888671875 15.115301132202148438 12.371402740478515625 12.38751220703125 13.130080223083496094 12.815702438354492188 15.416499137878417969 17.99047088623046875 16.485095977783203125 13.853227615356445312 12.350553512573242188 6.8476238250732421875 3.5980341434478759766 5.7511038780212402344 4.1844210624694824219 5.4555888175964355469 6.3196473121643066406 2.3678724765777587891 0.20432913303375244141 0.92835271358489990234 1.6939573287963867188 1.7742033004760742188 2.0484654903411865234 4.3254628181457519531 6.9038028717041015625 7.913608551025390625 6.3428969383239746094 4.7024931907653808594 3.9877448081970214844 4.3453145027160644531 5.4792966842651367188 7.9214677810668945312 12.002419471740722656 15.447809219360351562 14.381424903869628906 6.5524725914001464844 3.2363770008087158203 2.3820567131042480469 1.2310129404067993164 0.0013161882525309920311 0.0014894774649292230606 0.0014132339274510741234
10.539246559143066406 11.689652442932128906 15.433312416076660156 12.045177459716796875 11.412640571594238281 11.556056022644042969 12.375637054443359375 14.938039779663085938 15.670849800109863281 14.890623092651367188 14.597131729125976562 13.511678695678710938 7.7300748825073242188 5.8544521331787109375 8.3613157272338867188 4.87477874755859375 5.7624697685241699219 3.78668212890625 0.27650368213653564453 0.0013998412759974598885 0.0014211895177140831947 0.0014202781021595001221 0.0013592096511274576187 0.17063064873218536377 0.98393595218658447266 2.4977345466613769531 3.0964305400848388672 2.3175396919250488281 3.1403906345367431641 4.458309173583984375 3.8297519683837890625 3.3259229660034179688 5.3845872879028320312 7.7553648948669433594 10.765801429748535156 14.710984230041503906 10.840945243835449219 8.6682748794555664062 9.1708621978759765625 8.369045257568359375 7.0166378021240234375 5.2320270538330078125 2.6685163974761962891
8.8164873123168945312 6.9604868888854980469 10.760550498962402344 8.0955657958984375 6.5609912872314453125 6.170970916748046875 7.35265350341796875 8.58766937255859375 9.5979337692260742188 16.485645294189453125 14.638863563537597656 12.064385414123535156 11.669089317321777344 11.449379920959472656 10.349427223205566406 8.0862321853637695312 8.2379846572875976562 3.6832420825958251953 0.2318773120641708374 0.0013220785185694694519 0.0015140036121010780334 0.0015660231001675128937 0.0012490245280787348747 0.001427988056093454361 0.0015709291910752654076 0.0014736520824953913689 0.0014134825905784964561 0.60375320911407470703 2.58693695068359375 4.9311566352844238281 5.3937139511108398438 5.2895960807800292969 6.4025201797485351562 8.6932573318481445312 8.1496143341064453125 8.8985004425048828125 10.035221099853515625 9.8654842376708984375 11.606128692626953125 12.672468185424804688 13.008457183837890625 12.084347724914550781 9.5854825973510742188
6.7712206840515136719 5.8674554824829101562 5.9338502883911132812 3.9269416332244873047 3.05989837646484375 2.4509561061859130859 3.7825386524200439453 5.2613711357116699219 6.7480649948120117188 17.891424179077148438 12.68365478515625 14.661074638366699219 18.312038421630859375 14.891675949096679688 9.7860021591186523438 9.9358673095703125 11.355256080627441406 4.8951740264892578125 0.22056175768375396729 0.0012474070535972714424 0.0014184134779497981071 0.0015593332936987280846 0.0013233100762590765953 0.001440369640477001667 0.0014494498027488589287 0.0014226548373699188232 0.0014416434569284319878 0.14375479519367218018 1.0374900102615356445 2.5481510162353515625 3.8663511276245117188 4.6747965812683105469 5.5966587066650390625 8.0830469131469726562 7.7295322418212890625 5.26277923583984375 5.1458950042724609375 5.4188971519470214844 7.1430082321166992188 9.6373653411865234375 10.363183021545410156 10.560993194580078125 10.419726371765136719
4.1298880577087402344 5.7347688674926757812 4.0005345344543457031 2.3512156009674072266 2.3300852775573730469 2.0135498046875 2.9597461223602294922 4.9032831192016601562 6.4924182891845703125 14.283436775207519531 15.581881523132324219 20.39405059814453125 21.497365951538085938 17.245929718017578125 10.2165374755859375 10.811399459838867188 15.076429367065429688 6.8976550102233886719 0.0015355540672317147255 0.0013925760285928845406 0.001352533348836004734 0.0014015383785590529442 0.0014452303294092416763 0.0015051460359245538712 0.0013242136919870972633 0.0013917165342718362808 0.0015398140531033277512 0.0013792482204735279083 0.0013509434647858142853 0.0014120314735919237137 0.43174451589584350586 1.4879854917526245117 2.5333349704742431641 4.7052869796752929688 7.2446651458740234375 7.3741822242736816406 5.8601908683776855469 4.9534425735473632812 5.6879611015319824219 7.0535135269165039062 7.6820859909057617188 7.8082213401794433594 7.5699911117553710938
4.7603020668029785156 6.5890555381774902344 4.0934491157531738281 4.3704180717468261719 3.6590938568115234375 4.4131345748901367188 4.5024867057800292969 5.4687328338623046875 7.6784844398498535156 13.223929405212402344 19.5552978515625 20.730379104614257812 19.735013961791992188 19.350412368774414062 11.841358184814453125 12.279466629028320312 17.192541122436523438 7.9053816795349121094 0.0014303674688562750816 0.0014550132909789681435 0.0014521514531224966049 0.001313505927100777626 0.0014373018639162182808 0.0016400612657889723778 0.00125018309336155653 0.001430613338015973568 0.0015632658032700419426 0.0014763373183086514473 0.0014133317163214087486 0.0014155176468193531036 0.052067298442125320435 0.21831592917442321777 0.35792165994644165039 1.3187887668609619141 3.6855525970458984375 5.445892333984375 5.9567751884460449219 5.9356541633605957031 6.4146146774291992188 6.2260227203369140625 6.0338454246520996094 5.5711236000061035156 4.8213505744934082031
7.7231755256652832031 7.8297710418701171875 5.19748687744140625 7.5518894195556640625 5.9144215583801269531 6.3148856163024902344 7.3724856376647949219 8.2136716842651367188 8.0347509384155273438 10.943205833435058594 15.431238174438476562 13.365667343139648438 14.092645645141601562 18.3994293212890625 12.573481559753417969 14.44561004638671875 21.370557785034179688 10.394419670104980469 1.0074928998947143555 0.0014278173912316560745 0.001515459851361811161 0.0012545195640996098518 0.0013513161102309823036 0.0015410074265673756599 0.0013246923917904496193 0.0014332449063658714294 0.0014227866195142269135 0.0014076682273298501968 0.0014120464911684393883 0.0014364543603733181953 0.0012934476835653185844 0.0013341720914468169212 0.0014782074140384793282 0.097211599349975585938 0.74383050203323364258 1.7547838687896728516 2.6016018390655517578 3.0834026336669921875 2.7863812446594238281 2.8633027076721191406 3.436061859130859375 3.2022824287414550781 2.7314183712005615234
10.562898635864257812 8.0253057479858398438 7.7028684616088867188 9.778961181640625 4.9634175300598144531 4.3185253143310546875 5.4357790946960449219 7.4804301261901855469 5.0559339523315429688 4.5859088897705078125 6.7535686492919921875 6.2632603645324707031 9.8427171707153320312 15.609740257263183594 12.609149932861328125 14.892369270324707031 27.833372116088867188 17.264844894409179688 0.0013555992627516388893 0.0013306036125868558884 0.0014302122872322797775 0.0013694117078557610512 0.0013980828225612640381 0.0013913461007177829742 0.0013918573968112468719 0.0014821564545854926109 0.0013733775122091174126 0.0014008836587890982628 0.0014105045702308416367 0.0015130229294300079346 0.0014328949619084596634 0.0013802897883579134941 0.0014921893598511815071 0.0014370558783411979675 0.001396218547597527504 0.0013576642377302050591 0.0014441866660490632057 0.24703720211982727051 0.41924625635147094727 0.69748783111572265625 0.99234640598297119141 1.0022671222686767578 1.3894579410552978516
15.19858551025390625 8.7728948593139648438 8.5804071426391601562 9.2652883529663085938 4.1389689445495605469 5.6387782096862792969 6.518863677978515625 6.3255968093872070312 2.3624179363250732422 2.7194161415100097656 4.1807551383972167969 2.6440699100494384766 6.0609526634216308594 11.847734451293945312 12.172736167907714844 13.902791976928710938 31.225614547729492188 23.5568695068359375 1.6041967868804931641 0.0014083599671721458435 0.0013606834691017866135 0.0014261993346735835075 0.0015186814125627279282 0.0013122383970767259598 0.0013987581478431820869 0.0015795683721080422401 0.0014740823535248637199 0.0014137091347947716713 0.0014202718157321214676 0.001428982708603143692 0.0014048730954527854919 0.0014155869139358401299 0.0013401827309280633926 0.0013744818279519677162 0.0014827797422185540199 0.0012798408279195427895 0.0014097114326432347298 0.0015387199819087982178 0.0012673503952100872993 0.0014540160773321986198 0.0015525610651820898056 0.11001861840486526489 0.30619511008262634277
22.447628021240234375 13.895566940307617188 6.0012288093566894531 7.7063188552856445312 6.4783415794372558594 6.7527589797973632812 8.4321012496948242188 7.9108867645263671875 3.7370207309722900391 4.2579684257507324219 4.7740240097045898438 1.9968295097351074219 4.4432549476623535156 6.5549330711364746094 6.6843695640563964844 12.64702606201171875 30.385889053344726562 25.909961700439453125 5.1661176681518554688 0.0015098140574991703033 0.0012974143028259277344 0.0013399268500506877899 0.001629209611564874649 0.0012685105903074145317 0.0014230081578716635704 0.0014939758693799376488 0.0014425397384911775589 0.0014119010884314775467 0.0014180806465446949005 0.0013140566879883408546 0.0013152644969522953033 0.00140630349051207304 0.0012841677526012063026 0.0013047114480286836624 0.0014797089388594031334 0.0013196970103308558464 0.0014269500970840454102 0.0014047950971871614456 0.001314372173510491848 0.0014645982300862669945 0.0014065600698813796043 0.0013027468230575323105 0.001385208452120423317
24.977155685424804688 18.818037033081054688 7.2420563697814941406 6.487213134765625 4.5393266677856445312 3.618061065673828125 6.8249797821044921875 9.2695455551147460938 7.0583539009094238281 7.0357599258422851562 5.5805797576904296875 4.8493409156799316406 7.6180181503295898438 6.5951175689697265625 4.2916131019592285156 8.2823076248168945312 26.331882476806640625 30.816900253295898438 9.5787916183471679688 0.10118757188320159912 0.0013731544604524970055 0.0013522428926080465317 0.0014486762229353189468 0.0013707666657865047455 0.0014440836384892463684 0.0013828370720148086548 0.001375855645164847374 0.001411284320056438446 0.0014812436420470476151 0.0013962625525891780853 0.0013032653369009494781 0.0014121583662927150726 0.0013688125181943178177 0.0014137693215161561966 0.0013920647324994206429 0.0013816483551636338234 0.0014759319601580500603 0.0014128691982477903366 0.0013884750660508871078 0.17487831413745880127 0.21450759470462799072 0.08772996068000793457 0.0014124122681096196175
24.219818115234375 21.941768646240234375 8.3919363021850585938 6.8509807586669921875 4.6897106170654296875 3.1689965724945068359 4.1870737075805664062 8.0096235275268554688 10.172341346740722656 9.23148345947265625 5.9635567665100097656 8.1811628341674804688 8.6985807418823242188 5.2384543418884277344 3.8800098896026611328 3.0019299983978271484 17.945123672485351562 34.051387786865234375 19.879064559936523438 3.1886284351348876953 0.0014878596412017941475 0.0014862667303532361984 0.0013555035693570971489 0.001380527508445084095 0.0015314314514398574829 0.0014569280901923775673 0.0014124293811619281769 0.0014126563910394906998 0.0014851379673928022385 0.0014541082782670855522 0.0014231827808544039726 0.0013776229461655020714 0.0013864327920600771904 0.0015261551598086953163 0.0013505930546671152115 0.0013731628423556685448 0.0015544838970527052879 0.59878879785537719727 0.77117824554443359375 0.91526681184768676758 1.0881869792938232422 0.97658318281173706055 0.74846911430358886719
19.965734481811523438 22.598649978637695312 7.8195629119873046875 8.3671321868896484375 6.648960113525390625 6.0297260284423828125 4.5663695335388183594 6.570430755615234375 10.432065963745117188 10.174117088317871094 5.5411310195922851562 9.804302215576171875 8.6020355224609375 1.5397626161575317383 4.4217343330383300781 3.1191999912261962891 12.297047615051269531 30.410999298095703125 27.826875686645507812 10.259562492370605469 1.911440730094909668 0.10834930092096328735 0.0013109109131619334221 0.0013965106336399912834 0.0015534758567810058594 0.0014882830437272787094 0.0014113995712250471115 0.0014155869139358401299 0.0013555428013205528259 0.0013689773622900247574 0.0015076549025252461433 0.00134224665816873312 0.0013118905480951070786 0.0015772240003570914268 0.0013095604954287409782 0.0014079537941142916679 0.13081592321395874023 1.6321995258331298828 1.6636496782302856445 1.6785727739334106445 1.6651672124862670898 1.615933537483215332 1.6159808635711669922
16.22402191162109375 20.70034027099609375 8.809490203857421875 6.4726891517639160156 5.5634188652038574219 6.0964913368225097656 4.9816584587097167969 6.2150082588195800781 10.045804023742675781 9.51424407958984375 5.3457250595092773438 8.6516742706298828125 7.3144087791442871094 2.1457159519195556641 4.7527894973754882812 4.7724475860595703125 9.0278167724609375 25.412897109985351562 28.624691009521484375 18.56878662109375 8.2585420608520507812 0.026882570236921310425 3.2733366489410400391 4.1989722251892089844 2.5444648265838623047 0.50089335441589355469 0.0014117186656221747398 0.0014457744546234607697 0.0013682827120646834373 0.0013144651893526315689 0.0014488308224827051163 0.0013409450184553861618 0.0013557769125327467918 0.0014457377837970852852 0.0013658232055604457855 0.0014354743761941790581 0.62239575386047363281 1.6306711435317993164 1.2085680961608886719 1.3792500495910644531 1.6131851673126220703 1.6167469024658203125 1.6151391267776489258
