Forest_LCP_Outputs/slope.asc
ncols        250
nrows        253
xllcorner    -2044817.845419629943
yllcorner    2022214.475814298494
cellsize     26.855736874859
NODATA_value -9999
[rows 114 to 132 of 253, columns 86 to 128 of 250]
15.022192955017089844 22.643499374389648438 17.97060394287109375 9.258258819580078125 10.799334526062011719 12.728024482727050781 11.258200645446777344 6.3434672355651855469 9.1771364212036132812 15.572583198547363281 12.975514411926269531 10.675457000732421875 8.6345796585083007812 9.7875566482543945312 12.189947128295898438 8.0150442123413085938 3.1629269123077392578 4.2838921546936035156 4.786006927490234375 3.7308313846588134766 5.8464989662170410156 6.1847681999206542969 4.64168548583984375 5.3028278350830078125 5.4781970977783203125 8.771320343017578125 7.1987705230712890625 4.9290328025817871094 4.3488430976867675781 6.2209177017211914062 10.3791961669921875 10.789790153503417969 11.238610267639160156 6.6745662689208984375 3.6375114917755126953 4.0371670722961425781 3.3843364715576171875 3.3805859088897705078 4.9027972221374511719 5.9442286491394042969 9.2385807037353515625 11.910918235778808594 14.056468963623046875
20.46800994873046875 25.809488296508789062 19.949453353881835938 11.452470779418945312 11.130745887756347656 9.8687372207641601562 4.5746331214904785156 4.4414510726928710938 14.980488777160644531 17.87664794921875 14.856660842895507812 13.903370857238769531 11.657642364501953125 10.533589363098144531 9.4278726577758789062 6.8721666336059570312 4.3062868118286132812 4.4664835929870605469 3.2557525634765625 2.8576824665069580078 4.4018192291259765625 5.7170310020446777344 6.7564492225646972656 5.7490949630737304688 4.4181833267211914062 8.6528530120849609375 8.2958421707153320312 4.8877167701721191406 6.1130580902099609375 6.5903630256652832031 14.945995330810546875 12.344937324523925781 8.0523023605346679688 4.42743682861328125 2.5111026763916015625 2.8029522895812988281 1.9964919090270996094 3.9360017776489257812 8.5888957977294921875 10.588212013244628906 12.784626007080078125 13.780703544616699219 11.722288131713867188
20.4872894287109375 26.441236495971679688 21.908603668212890625 13.225495338439941406 12.04708099365234375 7.268146514892578125 3.6088252067565917969 9.7188596725463867188 18.06649017333984375 17.381006240844726562 14.390965461730957031 11.539399147033691406 8.5303211212158203125 6.9774785041809082031 5.3493256568908691406 6.1369719505310058594 6.0390558242797851562 3.5933818817138671875 3.2011277675628662109 4.2700419425964355469 4.5937366485595703125 4.33278656005859375 7.2815442085266113281 7.6432995796203613281 4.8263645172119140625 9.6013307571411132812 10.22820281982421875 5.0544323921203613281 8.40412139892578125 9.1312646865844726562 15.044692039489746094 10.669652938842773438 6.6879925727844238281 4.4312334060668945312 3.760417938232421875 4.6021075248718261719 4.8168168067932128906 9.0156106948852539062 12.104363441467285156 11.161001205444335938 9.443065643310546875 7.9631214141845703125 8.5283908843994140625
19.52910614013671875 24.881298065185546875 22.252340316772460938 14.195630073547363281 11.032735824584960938 8.1085262298583984375 8.12682342529296875 13.268712997436523438 18.00630950927734375 14.526852607727050781 9.58284759521484375 6.5388922691345214844 6.8693232536315917969 6.0782895088195800781 4.2106404304504394531 5.7442059516906738281 6.1872739791870117188 4.2865056991577148438 5.0266861915588378906 5.8598303794860839844 7.5477957725524902344 4.7037248611450195312 7.2064218521118164062 9.1233453750610351562 5.4351058006286621094 9.173320770263671875 10.162041664123535156 6.6429948806762695312 8.554584503173828125 10.768657684326171875 10.053220748901367188 8.26143646240234375 9.0258436203002929688 6.5283646583557128906 6.6093921661376953125 9.4064788818359375 11.290499687194824219 12.826066970825195312 11.159113883972167969 7.9272060394287109375 4.2102847099304199219 2.9968378543853759766 6.2951984405517578125
21.879425048828125 24.649984359741210938 21.9799041748046875 14.778687477111816406 10.425647735595703125 10.321218490600585938 11.479187965393066406 14.290757179260253906 16.795253753662109375 12.163194656372070312 6.7146844863891601562 8.0893096923828125 9.5632143020629882812 8.9006891250610351562 5.8065981864929199219 6.1680469512939453125 6.2023482322692871094 5.2422080039978027344 6.6090059280395507812 5.216869354248046875 10.888545989990234375 6.0674915313720703125 4.8051047325134277344 8.0801639556884765625 5.4499783515930175781 7.9710826873779296875 10.040363311767578125 6.01282501220703125 6.1276211738586425781 8.3344564437866210938 3.9929680824279785156 7.1886620521545410156 9.342498779296875 8.7182760238647460938 10.896628379821777344 14.878286361694335938 14.878251075744628906 12.335896492004394531 8.3467607498168945312 4.3787407875061035156 1.729699254035949707 1.922755122184753418 6.0367960929870605469
24.983875274658203125 28.068073272705078125 25.179866790771484375 17.910268783569335938 13.047129631042480469 13.80853271484375 14.407773017883300781 15.025464057922363281 13.20867156982421875 8.9568653106689453125 6.537357330322265625 7.8258957862854003906 9.8207521438598632812 10.722632408142089844 7.4455809593200683594 6.3258013725280761719 6.5772519111633300781 4.1306896209716796875 6.4132685661315917969 5.18065643310546875 10.509846687316894531 6.3859553337097167969 3.6966893672943115234 6.3797192573547363281 4.6208963394165039062 7.1687932014465332031 10.798415184020996094 4.4438142776489257812 2.8777015209197998047 4.4904036521911621094 2.7602236270904541016 4.6202082633972167969 6.15697479248046875 10.350115776062011719 16.020799636840820312 17.516954421997070312 14.167372703552246094 10.352854728698730469 6.6295609474182128906 4.1019454002380371094 2.8573677539825439453 2.9078297615051269531 5.0149312019348144531
25.740665435791015625 29.959117889404296875 28.678356170654296875 22.86682891845703125 18.400720596313476562 17.626461029052734375 18.268833160400390625 14.78887939453125 9.0509033203125 5.1444020271301269531 4.0923242568969726562 4.5902361869812011719 8.5401763916015625 11.124953269958496094 7.3960814476013183594 5.3868823051452636719 5.624073028564453125 3.7618997097015380859 3.966426849365234375 5.1044874191284179688 8.9275026321411132812 7.5199184417724609375 4.6231565475463867188 4.1099276542663574219 5.611988067626953125 6.4459695816040039062 8.5897464752197265625 5.1343054771423339844 3.4162294864654541016 3.7778565883636474609 3.5738518238067626953 2.8601891994476318359 4.517913818359375 11.335587501525878906 17.911123275756835938 14.515554428100585938 9.9622907638549804688 9.4512453079223632812 8.3808841705322265625 7.744083404541015625 5.0777683258056640625 3.0960323810577392578 4.0721535682678222656
26.565950393676757812 28.987207412719726562 29.633213043212890625 26.79633331298828125 21.996595382690429688 22.220733642578125 22.440296173095703125 12.904286384582519531 7.1615209579467773438 5.7928881645202636719 4.5949492454528808594 6.4575619697570800781 9.98078155517578125 10.0908050537109375 5.5214557647705078125 4.1028032302856445312 4.7553515434265136719 3.2822132110595703125 1.9400714635848999023 3.6867189407348632812 6.7059612274169921875 6.79206085205078125 4.4111180305480957031 3.4063291549682617188 5.1281685829162597656 5.6248784065246582031 5.9746074676513671875 6.8769669532775878906 5.7355103492736816406 4.5338940620422363281 3.6290256977081298828 2.0106823444366455078 5.1628518104553222656 11.325808525085449219 13.8181304931640625 8.4038181304931640625 4.1449208259582519531 6.2541894912719726562 8.7577381134033203125 10.352910995483398438 8.031078338623046875 2.9998884201049804688 3.4959225654602050781
30.930395126342773438 30.72900390625 32.36640167236328125 29.544445037841796875 24.425067901611328125 26.14868927001953125 25.659093856811523438 12.639243125915527344 9.1584005355834960938 12.061382293701171875 9.6798219680786132812 9.4391012191772460938 11.003779411315917969 9.1602201461791992188 4.7371196746826171875 3.6013596057891845703 4.5506653785705566406 3.1908442974090576172 1.6689897775650024414 2.2989859580993652344 4.5436773300170898438 5.9598937034606933594 5.2286486625671386719 3.8708193302154541016 3.7631595134735107422 6.6667394638061523438 8.4645328521728515625 9.14623260498046875 7.7662177085876464844 4.5587153434753417969 4.0968503952026367188 3.1753065586090087891 7.0083456039428710938 10.203792572021484375 10.764201164245605469 8.55423736572265625 5.9505934715270996094 5.276943206787109375 7.1592793464660644531 10.32794189453125 9.537261962890625 3.2517263889312744141 3.2292575836181640625
34.990299224853515625 35.17047119140625 36.63190460205078125 33.021656036376953125 27.034147262573242188 27.08725738525390625 25.217912673950195312 15.269567489624023438 14.592627525329589844 17.467149734497070312 11.299321174621582031 8.3205118179321289062 9.5039310455322265625 7.7532949447631835938 6.1997933387756347656 4.4396710395812988281 4.1420512199401855469 5.01932525634765625 3.4927439689636230469 2.7740888595581054688 4.0609273910522460938 6.1766872406005859375 5.4602999687194824219 4.0687861442565917969 7.0423331260681152344 10.420755386352539062 7.618480682373046875 8.807262420654296875 10.143590927124023438 7.4803762435913085938 6.3726086616516113281 5.44493865966796875 7.5124216079711914062 9.9858293533325195312 9.3699436187744140625 8.25774383544921875 8.2189645767211914062 5.6508784294128417969 7.8405551910400390625 11.030489921569824219 8.3398637771606445312 3.5393869876861572266 3.3625738620758056641
34.53501129150390625 37.74317169189453125 39.751407623291015625 36.300273895263671875 31.031991958618164062 25.971309661865234375 22.196325302124023438 17.753360748291015625 19.201887130737304688 19.791963577270507812 12.238282203674316406 8.6595106124877929688 10.108336448669433594 7.7460422515869140625 6.222919464111328125 6.5159258842468261719 6.9035863876342773438 7.5797448158264160156 5.6318879127502441406 3.3541986942291259766 5.4328436851501464844 6.5966248512268066406 3.4414741992950439453 4.9276437759399414062 9.0741481781005859375 7.8857636451721191406 5.0798492431640625 9.34527587890625 11.336668968200683594 10.18903350830078125 6.9523606300354003906 5.9324359893798828125 7.1178431510925292969 9.5870409011840820312 8.809734344482421875 6.6599545478820800781 6.1016016006469726562 5.9651994705200195312 9.0268831253051757812 8.48293304443359375 4.7952017784118652344 3.9133472442626953125 4.6742043495178222656
32.768123626708984375 38.19023895263671875 40.980945587158203125 38.764690399169921875 33.023712158203125 25.096899032592773438 21.677600860595703125 21.27182769775390625 20.83161163330078125 19.638719558715820312 15.552527427673339844 13.178051948547363281 13.219283103942871094 9.1607446670532226562 4.7704215049743652344 4.5001215934753417969 7.04709625244140625 6.7423458099365234375 6.9015946388244628906 4.3870286941528320312 6.7699332237243652344 6.8539776802062988281 4.6553082466125488281 7.6127810478210449219 6.7756228446960449219 3.9003095626831054688 6.47716522216796875 9.728343963623046875 11.531061172485351562 11.015178680419921875 3.2661559581756591797 7.371555328369140625 9.0779819488525390625 11.717601776123046875 9.7010736465454101562 4.7910294532775878906 2.8415956497192382812 4.0790376663208007812 6.4283037185668945312 4.9704847335815429688 5.4615302085876464844 5.4405307769775390625 5.7140040397644042969
30.383005142211914062 37.876277923583984375 40.65595245361328125 38.74404144287109375 33.02088165283203125 27.312749862670898438 25.990421295166015625 25.348413467407226562 20.15479278564453125 16.192689895629882812 15.501353263854980469 16.055904388427734375 16.220453262329101562 11.236741065979003906 6.3573031425476074219 4.6627964973449707031 6.9378161430358886719 3.564441680908203125 9.9468221664428710938 9.7466840744018554688 9.14781951904296875 9.58489990234375 10.141328811645507812 7.5811123847961425781 3.2478947639465332031 3.84665679931640625 7.4898686408996582031 7.69875335693359375 11.493726730346679688 10.086185455322265625 2.2070827484130859375 10.065240859985351562 12.119878768920898438 12.24394989013671875 7.0859417915344238281 2.9016239643096923828 1.4028429985046386719 2.1461503505706787109 4.56145477294921875 5.574718475341796875 7.9091992378234863281 6.009662628173828125 5.008220672607421875
31.411809921264648438 37.508960723876953125 38.360820770263671875 33.89373779296875 28.8352813720703125 28.06023406982421875 30.57949066162109375 28.336698532104492188 20.033956527709960938 14.24658966064453125 15.128638267517089844 18.05986785888671875 16.523031234741210938 6.8611531257629394531 5.8232970237731933594 6.0097336769104003906 8.9455671310424804688 11.819901466369628906 13.44942474365234375 11.370531082153320312 10.874012947082519531 12.010495185852050781 9.87445068359375 6.5376706123352050781 2.5240433216094970703 3.4565453529357910156 6.7613282203674316406 8.9125499725341796875 12.050774574279785156 8.6438999176025390625 5.0796880722045898438 10.435331344604492188 12.618275642395019531 10.546319961547851562 2.63811492919921875 3.8238403797149658203 1.3240892887115478516 4.9156656265258789062 5.733318328857421875 6.2251152992248535156 5.0107746124267578125 3.3918716907501220703 3.5121927261352539062
33.443531036376953125 35.3781585693359375 34.583469390869140625 30.308500289916992188 25.874002456665039062 27.833705902099609375 32.56919097900390625 28.571826934814453125 18.389089584350585938 13.47447967529296875 18.047288894653320312 23.53252410888671875 18.00151824951171875 6.7429170608520507812 5.38957977294921875 4.1371197700500488281 4.8087568283081054688 8.75144195556640625 10.2622222900390625 6.8756160736083984375 6.9843282699584960938 4.6942248344421386719 4.1883816719055175781 6.5233836174011230469 3.3705880641937255859 2.4320795536041259766 5.0802283287048339844 9.182559967041015625 12.026617050170898438 8.2421112060546875 4.2144775390625 9.0893926620483398438 12.708280563354492188 9.870685577392578125 2.6909155845642089844 3.9332590103149414062 4.9843235015869140625 7.9899458885192871094 7.1521639823913574219 4.4171185493469238281 4.4829955101013183594 3.997013092041015625 2.2347872257232666016
34.586559295654296875 34.307140350341796875 33.90624237060546875 30.093454360961914062 25.5828857421875 30.211315155029296875 34.520008087158203125 24.953914642333984375 16.013536453247070312 13.999707221984863281 21.449802398681640625 27.654867172241210938 20.5471954345703125 11.088156700134277344 8.10990142822265625 5.3262467384338378906 6.3254952430725097656 8.2008829116821289062 6.3454337120056152344 2.4696035385131835938 6.1015424728393554688 4.9547190666198730469 4.1420202255249023438 5.6433596611022949219 3.0114769935607910156 2.2375707626342773438 5.5707755088806152344 11.153020858764648438 10.443292617797851562 6.6735253334045410156 5.5922427177429199219 7.5794000625610351562 11.37998199462890625 10.514115333557128906 5.3115553855895996094 4.5894422531127929688 8.386524200439453125 10.098123550415039062 9.9895486831665039062 9.2037181854248046875 9.3423900604248046875 7.1601834297180175781 3.3057379722595214844
33.888408660888671875 33.67578887939453125 33.68660736083984375 30.416521072387695312 27.447170257568359375 35.5082855224609375 34.457523345947265625 21.587385177612304688 14.754075050354003906 13.707228660583496094 21.826068878173828125 28.452701568603515625 20.889957427978515625 14.57709503173828125 15.418726921081542969 13.474559783935546875 4.5268726348876953125 8.3569116592407226562 5.7621655464172363281 6.1495523452758789062 6.2417416572570800781 4.3091726303100585938 3.9231379032135009766 4.4953866004943847656 6.1779379844665527344 8.6190395355224609375 9.635829925537109375 16.50887298583984375 8.4333333969116210938 3.6148173809051513672 6.1915946006774902344 7.1344347000122070312 9.4085073471069335938 11.276020050048828125 7.4383683204650878906 6.7908873558044433594 11.113689422607421875 12.464516639709472656 11.938455581665039062 13.596837997436523438 13.705165863037109375 12.256534576416015625 10.913243293762207031
29.976369857788085938 31.930299758911132812 33.79973602294921875 29.969404220581054688 30.04058837890625 37.531230926513671875 34.648517608642578125 23.204782485961914062 14.448998451232910156 10.619168281555175781 20.2913055419921875 29.19501495361328125 19.2093658447265625 13.069422721862792969 18.811113357543945312 17.911081314086914062 6.2592415809631347656 7.139621734619140625 4.3679690361022949219 3.4706528186798095703 3.7362172603607177734 2.8883359432220458984 3.8501846790313720703 8.6489543914794921875 11.768172264099121094 12.413992881774902344 14.188363075256347656 20.052219390869140625 9.7807788848876953125 5.4442138671875 7.3397731781005859375 7.8616571426391601562 7.658596038818359375 8.773097991943359375 8.2213525772094726562 9.9934091567993164062 13.387578010559082031 11.533514976501464844 7.9879775047302246094 9.7599878311157226562 11.966554641723632812 14.333420753479003906 14.566308975219726562
29.39215087890625 30.312921524047851562 33.109619140625 28.45137786865234375 29.259775161743164062 37.063106536865234375 36.252414703369140625 27.781412124633789062 18.550479888916015625 12.30155181884765625 19.1007843017578125 28.049642562866210938 19.313251495361328125 13.843692779541015625 20.172685623168945312 16.1512603759765625 6.8433442115783691406 5.3200669288635253906 3.2840747833251953125 2.7410268783569335938 2.3951840400695800781 2.9814627170562744141 7.6234655380249023438 9.2625598907470703125 8.6888723373413085938 9.421154022216796875 16.991046905517578125 20.527219772338867188 9.7246656417846679688 8.1525087356567382812 8.212860107421875 8.54586029052734375 6.7633566856384277344 5.0941920280456542969 8.5192174911499023438 14.881307601928710938 13.948159217834472656 7.1344442367553710938 7.2180833816528320312 7.2134952545166015625 2.8421075344085693359 3.8512837886810302734 11.023329734802246094
